2018/04/12-12:33:41.910673 7f260568da00 RocksDB version: 5.10.0
2018/04/12-12:33:41.910695 7f260568da00 Git sha rocksdb_build_git_sha:e62a7637520fe6185f4dd575743057c516c9fe69
2018/04/12-12:33:41.910697 7f260568da00 Compile date Feb 20 2018
2018/04/12-12:33:41.910699 7f260568da00 DB SUMMARY
2018/04/12-12:33:41.910708 7f260568da00 SST files in /mnt/rocksdb dir, Total Num: 0, files: 
2018/04/12-12:33:41.910710 7f260568da00 Write Ahead Log file in /mnt/rocksdb: 
2018/04/12-12:33:41.910711 7f260568da00                         Options.error_if_exists: 0
2018/04/12-12:33:41.910712 7f260568da00                       Options.create_if_missing: 1
2018/04/12-12:33:41.910713 7f260568da00                         Options.paranoid_checks: 1
2018/04/12-12:33:41.910714 7f260568da00                                     Options.env: 0xad9900
2018/04/12-12:33:41.910715 7f260568da00                                Options.info_log: 0x1953d00
2018/04/12-12:33:41.910716 7f260568da00                Options.max_file_opening_threads: 16
2018/04/12-12:33:41.910718 7f260568da00                              Options.statistics: 0x194c460
2018/04/12-12:33:41.910719 7f260568da00                               Options.use_fsync: 0
2018/04/12-12:33:41.910720 7f260568da00                       Options.max_log_file_size: 0
2018/04/12-12:33:41.910721 7f260568da00                  Options.max_manifest_file_size: 18446744073709551615
2018/04/12-12:33:41.910722 7f260568da00                   Options.log_file_time_to_roll: 0
2018/04/12-12:33:41.910723 7f260568da00                       Options.keep_log_file_num: 1000
2018/04/12-12:33:41.910724 7f260568da00                    Options.recycle_log_file_num: 0
2018/04/12-12:33:41.910724 7f260568da00                         Options.allow_fallocate: 1
2018/04/12-12:33:41.910725 7f260568da00                        Options.allow_mmap_reads: 0
2018/04/12-12:33:41.910726 7f260568da00                       Options.allow_mmap_writes: 0
2018/04/12-12:33:41.910727 7f260568da00                        Options.use_direct_reads: 0
2018/04/12-12:33:41.910728 7f260568da00                        Options.use_direct_io_for_flush_and_compaction: 0
2018/04/12-12:33:41.910729 7f260568da00          Options.create_missing_column_families: 0
2018/04/12-12:33:41.910730 7f260568da00                              Options.db_log_dir: 
2018/04/12-12:33:41.910731 7f260568da00                                 Options.wal_dir: /mnt/rocksdb
2018/04/12-12:33:41.910732 7f260568da00                Options.table_cache_numshardbits: 4
2018/04/12-12:33:41.910733 7f260568da00                      Options.max_subcompactions: 1
2018/04/12-12:33:41.910734 7f260568da00                  Options.max_background_flushes: -1
2018/04/12-12:33:41.910735 7f260568da00                         Options.WAL_ttl_seconds: 0
2018/04/12-12:33:41.910736 7f260568da00                       Options.WAL_size_limit_MB: 0
2018/04/12-12:33:41.910737 7f260568da00             Options.manifest_preallocation_size: 4194304
2018/04/12-12:33:41.910738 7f260568da00                     Options.is_fd_close_on_exec: 1
2018/04/12-12:33:41.910739 7f260568da00                   Options.advise_random_on_open: 1
2018/04/12-12:33:41.910740 7f260568da00                    Options.db_write_buffer_size: 0
2018/04/12-12:33:41.910741 7f260568da00                    Options.write_buffer_manager: 0x194ccb0
2018/04/12-12:33:41.910742 7f260568da00         Options.access_hint_on_compaction_start: 1
2018/04/12-12:33:41.910743 7f260568da00  Options.new_table_reader_for_compaction_inputs: 1
2018/04/12-12:33:41.910743 7f260568da00           Options.random_access_max_buffer_size: 1048576
2018/04/12-12:33:41.910745 7f260568da00                      Options.use_adaptive_mutex: 0
2018/04/12-12:33:41.910746 7f260568da00                            Options.rate_limiter: (nil)
2018/04/12-12:33:41.910747 7f260568da00     Options.sst_file_manager.rate_bytes_per_sec: 0
2018/04/12-12:33:41.910748 7f260568da00                       Options.wal_recovery_mode: 2
2018/04/12-12:33:41.910749 7f260568da00                  Options.enable_thread_tracking: 0
2018/04/12-12:33:41.910750 7f260568da00                  Options.enable_pipelined_write: 1
2018/04/12-12:33:41.910756 7f260568da00         Options.allow_concurrent_memtable_write: 1
2018/04/12-12:33:41.910757 7f260568da00      Options.enable_write_thread_adaptive_yield: 1
2018/04/12-12:33:41.910758 7f260568da00             Options.write_thread_max_yield_usec: 100
2018/04/12-12:33:41.910758 7f260568da00            Options.write_thread_slow_yield_usec: 3
2018/04/12-12:33:41.910760 7f260568da00                               Options.row_cache: None
2018/04/12-12:33:41.910760 7f260568da00                              Options.wal_filter: None
2018/04/12-12:33:41.910761 7f260568da00             Options.avoid_flush_during_recovery: 0
2018/04/12-12:33:41.910762 7f260568da00             Options.allow_ingest_behind: 0
2018/04/12-12:33:41.910763 7f260568da00             Options.preserve_deletes: 0
2018/04/12-12:33:41.910764 7f260568da00             Options.two_write_queues: 0
2018/04/12-12:33:41.910765 7f260568da00             Options.manual_wal_flush: 0
2018/04/12-12:33:41.910766 7f260568da00             Options.max_background_jobs: 2
2018/04/12-12:33:41.910767 7f260568da00             Options.max_background_compactions: -1
2018/04/12-12:33:41.910768 7f260568da00             Options.avoid_flush_during_shutdown: 0
2018/04/12-12:33:41.910769 7f260568da00           Options.writable_file_max_buffer_size: 1048576
2018/04/12-12:33:41.910770 7f260568da00             Options.delayed_write_rate : 8388608
2018/04/12-12:33:41.910771 7f260568da00             Options.max_total_wal_size: 0
2018/04/12-12:33:41.910772 7f260568da00             Options.delete_obsolete_files_period_micros: 21600000000
2018/04/12-12:33:41.910773 7f260568da00                   Options.stats_dump_period_sec: 600
2018/04/12-12:33:41.910774 7f260568da00                          Options.max_open_files: -1
2018/04/12-12:33:41.910774 7f260568da00                          Options.bytes_per_sync: 0
2018/04/12-12:33:41.910775 7f260568da00                      Options.wal_bytes_per_sync: 0
2018/04/12-12:33:41.910776 7f260568da00       Options.compaction_readahead_size: 0
2018/04/12-12:33:41.910777 7f260568da00 Compression algorithms supported:
2018/04/12-12:33:41.910779 7f260568da00 	kZSTDNotFinalCompression supported: 1
2018/04/12-12:33:41.910780 7f260568da00 	kZSTD supported: 0
2018/04/12-12:33:41.910781 7f260568da00 	kXpressCompression supported: 0
2018/04/12-12:33:41.910783 7f260568da00 	kLZ4HCCompression supported: 1
2018/04/12-12:33:41.910784 7f260568da00 	kLZ4Compression supported: 1
2018/04/12-12:33:41.910785 7f260568da00 	kBZip2Compression supported: 1
2018/04/12-12:33:41.910786 7f260568da00 	kZlibCompression supported: 1
2018/04/12-12:33:41.910787 7f260568da00 	kSnappyCompression supported: 1
2018/04/12-12:33:41.910793 7f260568da00 Fast CRC32 supported: Supported on x86
2018/04/12-12:33:41.910815 7f260568da00 [db/db_impl_open.cc:227] Creating manifest 1 
2018/04/12-12:33:41.939928 7f260568da00 [db/version_set.cc:2834] Recovering from manifest file: MANIFEST-000001
2018/04/12-12:33:41.939971 7f260568da00 [db/column_family.cc:430] --------------- Options for column family [default]:
2018/04/12-12:33:41.939973 7f260568da00               Options.comparator: leveldb.BytewiseComparator
2018/04/12-12:33:41.939974 7f260568da00           Options.merge_operator: None
2018/04/12-12:33:41.939975 7f260568da00        Options.compaction_filter: None
2018/04/12-12:33:41.939976 7f260568da00        Options.compaction_filter_factory: None
2018/04/12-12:33:41.939977 7f260568da00         Options.memtable_factory: SkipListFactory
2018/04/12-12:33:41.939978 7f260568da00            Options.table_factory: BlockBasedTable
2018/04/12-12:33:41.939998 7f260568da00            table_factory options:   flush_block_policy_factory: FlushBlockBySizePolicyFactory (0x184c750)
  cache_index_and_filter_blocks: 0
  cache_index_and_filter_blocks_with_high_priority: 0
  pin_l0_filter_and_index_blocks_in_cache: 0
  index_type: 0
  hash_index_allow_collision: 1
  checksum: 1
  no_block_cache: 0
  block_cache: 0x19444e0
  block_cache_name: LRUCache
  block_cache_options:
    capacity : 8388608
    num_shard_bits : 6
    strict_capacity_limit : 0
    high_pri_pool_ratio: 0.000
  block_cache_compressed: (nil)
  persistent_cache: (nil)
  block_size: 4096
  block_size_deviation: 10
  block_restart_interval: 16
  index_block_restart_interval: 1
  metadata_block_size: 4096
  partition_filters: 0
  use_delta_encoding: 1
  filter_policy: nullptr
  whole_key_filtering: 1
  verify_compression: 0
  read_amp_bytes_per_bit: 0
  format_version: 2
  enable_index_compression: 1
2018/04/12-12:33:41.940010 7f260568da00        Options.write_buffer_size: 17179869184
2018/04/12-12:33:41.940011 7f260568da00  Options.max_write_buffer_number: 2
2018/04/12-12:33:41.940012 7f260568da00          Options.compression: Snappy
2018/04/12-12:33:41.940014 7f260568da00                  Options.bottommost_compression: Disabled
2018/04/12-12:33:41.940015 7f260568da00       Options.prefix_extractor: rocksdb.FixedPrefix.8
2018/04/12-12:33:41.940016 7f260568da00   Options.memtable_insert_with_hint_prefix_extractor: nullptr
2018/04/12-12:33:41.940017 7f260568da00             Options.num_levels: 7
2018/04/12-12:33:41.940018 7f260568da00        Options.min_write_buffer_number_to_merge: 1
2018/04/12-12:33:41.940019 7f260568da00     Options.max_write_buffer_number_to_maintain: 0
2018/04/12-12:33:41.940020 7f260568da00            Options.compression_opts.window_bits: -14
2018/04/12-12:33:41.940021 7f260568da00                  Options.compression_opts.level: -1
2018/04/12-12:33:41.940022 7f260568da00               Options.compression_opts.strategy: 0
2018/04/12-12:33:41.940023 7f260568da00         Options.compression_opts.max_dict_bytes: 0
2018/04/12-12:33:41.940024 7f260568da00      Options.level0_file_num_compaction_trigger: 4
2018/04/12-12:33:41.940025 7f260568da00          Options.level0_slowdown_writes_trigger: 20
2018/04/12-12:33:41.940026 7f260568da00              Options.level0_stop_writes_trigger: 36
2018/04/12-12:33:41.940027 7f260568da00                   Options.target_file_size_base: 67108864
2018/04/12-12:33:41.940028 7f260568da00             Options.target_file_size_multiplier: 1
2018/04/12-12:33:41.940029 7f260568da00                Options.max_bytes_for_level_base: 268435456
2018/04/12-12:33:41.940030 7f260568da00 Options.level_compaction_dynamic_level_bytes: 0
2018/04/12-12:33:41.940031 7f260568da00          Options.max_bytes_for_level_multiplier: 10.000000
2018/04/12-12:33:41.940032 7f260568da00 Options.max_bytes_for_level_multiplier_addtl[0]: 1
2018/04/12-12:33:41.940034 7f260568da00 Options.max_bytes_for_level_multiplier_addtl[1]: 1
2018/04/12-12:33:41.940035 7f260568da00 Options.max_bytes_for_level_multiplier_addtl[2]: 1
2018/04/12-12:33:41.940035 7f260568da00 Options.max_bytes_for_level_multiplier_addtl[3]: 1
2018/04/12-12:33:41.940036 7f260568da00 Options.max_bytes_for_level_multiplier_addtl[4]: 1
2018/04/12-12:33:41.940037 7f260568da00 Options.max_bytes_for_level_multiplier_addtl[5]: 1
2018/04/12-12:33:41.940038 7f260568da00 Options.max_bytes_for_level_multiplier_addtl[6]: 1
2018/04/12-12:33:41.940039 7f260568da00       Options.max_sequential_skip_in_iterations: 8
2018/04/12-12:33:41.940040 7f260568da00                    Options.max_compaction_bytes: 1677721600
2018/04/12-12:33:41.940041 7f260568da00                        Options.arena_block_size: 2147483648
2018/04/12-12:33:41.940042 7f260568da00   Options.soft_pending_compaction_bytes_limit: 68719476736
2018/04/12-12:33:41.940043 7f260568da00   Options.hard_pending_compaction_bytes_limit: 137438953472
2018/04/12-12:33:41.940044 7f260568da00       Options.rate_limit_delay_max_milliseconds: 1000
2018/04/12-12:33:41.940045 7f260568da00                Options.disable_auto_compactions: 0
2018/04/12-12:33:41.940047 7f260568da00                        Options.compaction_style: kCompactionStyleLevel
2018/04/12-12:33:41.940048 7f260568da00                          Options.compaction_pri: kByCompensatedSize
2018/04/12-12:33:41.940049 7f260568da00 Options.compaction_options_universal.size_ratio: 1
2018/04/12-12:33:41.940050 7f260568da00 Options.compaction_options_universal.min_merge_width: 2
2018/04/12-12:33:41.940055 7f260568da00 Options.compaction_options_universal.max_merge_width: 4294967295
2018/04/12-12:33:41.940056 7f260568da00 Options.compaction_options_universal.max_size_amplification_percent: 200
2018/04/12-12:33:41.940057 7f260568da00 Options.compaction_options_universal.compression_size_percent: -1
2018/04/12-12:33:41.940059 7f260568da00 Options.compaction_options_universal.stop_style: kCompactionStopStyleTotalSize
2018/04/12-12:33:41.940060 7f260568da00 Options.compaction_options_fifo.max_table_files_size: 0
2018/04/12-12:33:41.940061 7f260568da00 Options.compaction_options_fifo.allow_compaction: 1
2018/04/12-12:33:41.940062 7f260568da00 Options.compaction_options_fifo.ttl: 0
2018/04/12-12:33:41.940063 7f260568da00                   Options.table_properties_collectors: 
2018/04/12-12:33:41.940064 7f260568da00                   Options.inplace_update_support: 0
2018/04/12-12:33:41.940065 7f260568da00                 Options.inplace_update_num_locks: 10000
2018/04/12-12:33:41.940066 7f260568da00               Options.memtable_prefix_bloom_size_ratio: 0.000000
2018/04/12-12:33:41.940067 7f260568da00   Options.memtable_huge_page_size: 0
2018/04/12-12:33:41.940068 7f260568da00                           Options.bloom_locality: 0
2018/04/12-12:33:41.940069 7f260568da00                    Options.max_successive_merges: 0
2018/04/12-12:33:41.940070 7f260568da00                Options.optimize_filters_for_hits: 0
2018/04/12-12:33:41.940071 7f260568da00                Options.paranoid_file_checks: 0
2018/04/12-12:33:41.940072 7f260568da00                Options.force_consistency_checks: 0
2018/04/12-12:33:41.940073 7f260568da00                Options.report_bg_io_stats: 0
2018/04/12-12:33:41.940963 7f260568da00 [db/version_set.cc:3100] Recovered from manifest file:/mnt/rocksdb/MANIFEST-000001 succeeded,manifest_file_number is 1, next_file_number is 3, last_sequence is 0, log_number is 0,prev_log_number is 0,max_column_family is 0
2018/04/12-12:33:41.940967 7f260568da00 [db/version_set.cc:3108] Column family [default] (ID 0), log number is 0
2018/04/12-12:33:41.947062 7f260568da00 [db/db_impl_open.cc:1165] DB pointer 0x1952dd0
2018/04/12-12:33:43.281160 7f260568da00 [db/db_impl.cc:252] Shutdown: canceling all background work
2018/04/12-12:33:43.282732 7f260568da00 [db/db_impl.cc:383] Shutdown complete
