2018/04/13-07:30:49.412859 7fc03e885a00 RocksDB version: 5.10.0
2018/04/13-07:30:49.412882 7fc03e885a00 Git sha rocksdb_build_git_sha:e62a7637520fe6185f4dd575743057c516c9fe69
2018/04/13-07:30:49.412884 7fc03e885a00 Compile date Feb 20 2018
2018/04/13-07:30:49.412885 7fc03e885a00 DB SUMMARY
2018/04/13-07:30:49.412895 7fc03e885a00 SST files in /mnt/rocksdb dir, Total Num: 0, files: 
2018/04/13-07:30:49.412897 7fc03e885a00 Write Ahead Log file in /mnt/rocksdb: 
2018/04/13-07:30:49.412898 7fc03e885a00                         Options.error_if_exists: 0
2018/04/13-07:30:49.412899 7fc03e885a00                       Options.create_if_missing: 1
2018/04/13-07:30:49.412900 7fc03e885a00                         Options.paranoid_checks: 1
2018/04/13-07:30:49.412901 7fc03e885a00                                     Options.env: 0xad9900
2018/04/13-07:30:49.412902 7fc03e885a00                                Options.info_log: 0x1d74b30
2018/04/13-07:30:49.412904 7fc03e885a00                Options.max_file_opening_threads: 16
2018/04/13-07:30:49.412905 7fc03e885a00                              Options.statistics: 0x1d5c460
2018/04/13-07:30:49.412906 7fc03e885a00                               Options.use_fsync: 0
2018/04/13-07:30:49.412907 7fc03e885a00                       Options.max_log_file_size: 0
2018/04/13-07:30:49.412908 7fc03e885a00                  Options.max_manifest_file_size: 18446744073709551615
2018/04/13-07:30:49.412909 7fc03e885a00                   Options.log_file_time_to_roll: 0
2018/04/13-07:30:49.412910 7fc03e885a00                       Options.keep_log_file_num: 1000
2018/04/13-07:30:49.412911 7fc03e885a00                    Options.recycle_log_file_num: 0
2018/04/13-07:30:49.412912 7fc03e885a00                         Options.allow_fallocate: 1
2018/04/13-07:30:49.412913 7fc03e885a00                        Options.allow_mmap_reads: 0
2018/04/13-07:30:49.412914 7fc03e885a00                       Options.allow_mmap_writes: 0
2018/04/13-07:30:49.412914 7fc03e885a00                        Options.use_direct_reads: 0
2018/04/13-07:30:49.412915 7fc03e885a00                        Options.use_direct_io_for_flush_and_compaction: 0
2018/04/13-07:30:49.412916 7fc03e885a00          Options.create_missing_column_families: 0
2018/04/13-07:30:49.412917 7fc03e885a00                              Options.db_log_dir: 
2018/04/13-07:30:49.412918 7fc03e885a00                                 Options.wal_dir: /mnt/rocksdb
2018/04/13-07:30:49.412919 7fc03e885a00                Options.table_cache_numshardbits: 4
2018/04/13-07:30:49.412920 7fc03e885a00                      Options.max_subcompactions: 1
2018/04/13-07:30:49.412921 7fc03e885a00                  Options.max_background_flushes: -1
2018/04/13-07:30:49.412922 7fc03e885a00                         Options.WAL_ttl_seconds: 0
2018/04/13-07:30:49.412923 7fc03e885a00                       Options.WAL_size_limit_MB: 0
2018/04/13-07:30:49.412924 7fc03e885a00             Options.manifest_preallocation_size: 4194304
2018/04/13-07:30:49.412925 7fc03e885a00                     Options.is_fd_close_on_exec: 1
2018/04/13-07:30:49.412926 7fc03e885a00                   Options.advise_random_on_open: 1
2018/04/13-07:30:49.412927 7fc03e885a00                    Options.db_write_buffer_size: 0
2018/04/13-07:30:49.412928 7fc03e885a00                    Options.write_buffer_manager: 0x1d5d0f0
2018/04/13-07:30:49.412929 7fc03e885a00         Options.access_hint_on_compaction_start: 1
2018/04/13-07:30:49.412930 7fc03e885a00  Options.new_table_reader_for_compaction_inputs: 1
2018/04/13-07:30:49.412931 7fc03e885a00           Options.random_access_max_buffer_size: 1048576
2018/04/13-07:30:49.412932 7fc03e885a00                      Options.use_adaptive_mutex: 0
2018/04/13-07:30:49.412933 7fc03e885a00                            Options.rate_limiter: (nil)
2018/04/13-07:30:49.412934 7fc03e885a00     Options.sst_file_manager.rate_bytes_per_sec: 0
2018/04/13-07:30:49.412935 7fc03e885a00                       Options.wal_recovery_mode: 2
2018/04/13-07:30:49.412936 7fc03e885a00                  Options.enable_thread_tracking: 0
2018/04/13-07:30:49.412937 7fc03e885a00                  Options.enable_pipelined_write: 1
2018/04/13-07:30:49.412943 7fc03e885a00         Options.allow_concurrent_memtable_write: 0
2018/04/13-07:30:49.412944 7fc03e885a00      Options.enable_write_thread_adaptive_yield: 1
2018/04/13-07:30:49.412945 7fc03e885a00             Options.write_thread_max_yield_usec: 100
2018/04/13-07:30:49.412946 7fc03e885a00            Options.write_thread_slow_yield_usec: 3
2018/04/13-07:30:49.412947 7fc03e885a00                               Options.row_cache: None
2018/04/13-07:30:49.412948 7fc03e885a00                              Options.wal_filter: None
2018/04/13-07:30:49.412949 7fc03e885a00             Options.avoid_flush_during_recovery: 0
2018/04/13-07:30:49.412950 7fc03e885a00             Options.allow_ingest_behind: 0
2018/04/13-07:30:49.412951 7fc03e885a00             Options.preserve_deletes: 0
2018/04/13-07:30:49.412952 7fc03e885a00             Options.two_write_queues: 0
2018/04/13-07:30:49.412953 7fc03e885a00             Options.manual_wal_flush: 0
2018/04/13-07:30:49.412953 7fc03e885a00             Options.max_background_jobs: 2
2018/04/13-07:30:49.412954 7fc03e885a00             Options.max_background_compactions: -1
2018/04/13-07:30:49.412955 7fc03e885a00             Options.avoid_flush_during_shutdown: 0
2018/04/13-07:30:49.412956 7fc03e885a00           Options.writable_file_max_buffer_size: 1048576
2018/04/13-07:30:49.412957 7fc03e885a00             Options.delayed_write_rate : 8388608
2018/04/13-07:30:49.412958 7fc03e885a00             Options.max_total_wal_size: 0
2018/04/13-07:30:49.412959 7fc03e885a00             Options.delete_obsolete_files_period_micros: 21600000000
2018/04/13-07:30:49.412960 7fc03e885a00                   Options.stats_dump_period_sec: 600
2018/04/13-07:30:49.412961 7fc03e885a00                          Options.max_open_files: -1
2018/04/13-07:30:49.412962 7fc03e885a00                          Options.bytes_per_sync: 0
2018/04/13-07:30:49.412963 7fc03e885a00                      Options.wal_bytes_per_sync: 0
2018/04/13-07:30:49.412964 7fc03e885a00       Options.compaction_readahead_size: 0
2018/04/13-07:30:49.412965 7fc03e885a00 Compression algorithms supported:
2018/04/13-07:30:49.412966 7fc03e885a00 	kZSTDNotFinalCompression supported: 1
2018/04/13-07:30:49.412968 7fc03e885a00 	kZSTD supported: 0
2018/04/13-07:30:49.412969 7fc03e885a00 	kXpressCompression supported: 0
2018/04/13-07:30:49.412970 7fc03e885a00 	kLZ4HCCompression supported: 1
2018/04/13-07:30:49.412971 7fc03e885a00 	kLZ4Compression supported: 1
2018/04/13-07:30:49.412973 7fc03e885a00 	kBZip2Compression supported: 1
2018/04/13-07:30:49.412974 7fc03e885a00 	kZlibCompression supported: 1
2018/04/13-07:30:49.412975 7fc03e885a00 	kSnappyCompression supported: 1
2018/04/13-07:30:49.412979 7fc03e885a00 Fast CRC32 supported: Supported on x86
2018/04/13-07:30:49.413001 7fc03e885a00 [db/db_impl_open.cc:227] Creating manifest 1 
2018/04/13-07:30:49.442753 7fc03e885a00 [db/version_set.cc:2834] Recovering from manifest file: MANIFEST-000001
2018/04/13-07:30:49.442793 7fc03e885a00 [db/column_family.cc:430] --------------- Options for column family [default]:
2018/04/13-07:30:49.442796 7fc03e885a00               Options.comparator: leveldb.BytewiseComparator
2018/04/13-07:30:49.442797 7fc03e885a00           Options.merge_operator: None
2018/04/13-07:30:49.442798 7fc03e885a00        Options.compaction_filter: None
2018/04/13-07:30:49.442799 7fc03e885a00        Options.compaction_filter_factory: None
2018/04/13-07:30:49.442800 7fc03e885a00         Options.memtable_factory: HashCuckooRepFactory
2018/04/13-07:30:49.442802 7fc03e885a00            Options.table_factory: BlockBasedTable
2018/04/13-07:30:49.442822 7fc03e885a00            table_factory options:   flush_block_policy_factory: FlushBlockBySizePolicyFactory (0x1d66a10)
  cache_index_and_filter_blocks: 0
  cache_index_and_filter_blocks_with_high_priority: 0
  pin_l0_filter_and_index_blocks_in_cache: 0
  index_type: 0
  hash_index_allow_collision: 1
  checksum: 1
  no_block_cache: 0
  block_cache: 0x1d544e0
  block_cache_name: LRUCache
  block_cache_options:
    capacity : 8388608
    num_shard_bits : 6
    strict_capacity_limit : 0
    high_pri_pool_ratio: 0.000
  block_cache_compressed: (nil)
  persistent_cache: (nil)
  block_size: 4096
  block_size_deviation: 10
  block_restart_interval: 16
  index_block_restart_interval: 1
  metadata_block_size: 4096
  partition_filters: 0
  use_delta_encoding: 1
  filter_policy: nullptr
  whole_key_filtering: 1
  verify_compression: 0
  read_amp_bytes_per_bit: 0
  format_version: 2
  enable_index_compression: 1
2018/04/13-07:30:49.442834 7fc03e885a00        Options.write_buffer_size: 17179869184
2018/04/13-07:30:49.442836 7fc03e885a00  Options.max_write_buffer_number: 2
2018/04/13-07:30:49.442837 7fc03e885a00          Options.compression: Snappy
2018/04/13-07:30:49.442838 7fc03e885a00                  Options.bottommost_compression: Disabled
2018/04/13-07:30:49.442839 7fc03e885a00       Options.prefix_extractor: rocksdb.FixedPrefix.8
2018/04/13-07:30:49.442841 7fc03e885a00   Options.memtable_insert_with_hint_prefix_extractor: nullptr
2018/04/13-07:30:49.442842 7fc03e885a00             Options.num_levels: 7
2018/04/13-07:30:49.442843 7fc03e885a00        Options.min_write_buffer_number_to_merge: 1
2018/04/13-07:30:49.442844 7fc03e885a00     Options.max_write_buffer_number_to_maintain: 0
2018/04/13-07:30:49.442845 7fc03e885a00            Options.compression_opts.window_bits: -14
2018/04/13-07:30:49.442846 7fc03e885a00                  Options.compression_opts.level: -1
2018/04/13-07:30:49.442847 7fc03e885a00               Options.compression_opts.strategy: 0
2018/04/13-07:30:49.442848 7fc03e885a00         Options.compression_opts.max_dict_bytes: 0
2018/04/13-07:30:49.442848 7fc03e885a00      Options.level0_file_num_compaction_trigger: 4
2018/04/13-07:30:49.442849 7fc03e885a00          Options.level0_slowdown_writes_trigger: 20
2018/04/13-07:30:49.442850 7fc03e885a00              Options.level0_stop_writes_trigger: 36
2018/04/13-07:30:49.442851 7fc03e885a00                   Options.target_file_size_base: 67108864
2018/04/13-07:30:49.442852 7fc03e885a00             Options.target_file_size_multiplier: 1
2018/04/13-07:30:49.442853 7fc03e885a00                Options.max_bytes_for_level_base: 268435456
2018/04/13-07:30:49.442854 7fc03e885a00 Options.level_compaction_dynamic_level_bytes: 0
2018/04/13-07:30:49.442855 7fc03e885a00          Options.max_bytes_for_level_multiplier: 10.000000
2018/04/13-07:30:49.442857 7fc03e885a00 Options.max_bytes_for_level_multiplier_addtl[0]: 1
2018/04/13-07:30:49.442858 7fc03e885a00 Options.max_bytes_for_level_multiplier_addtl[1]: 1
2018/04/13-07:30:49.442859 7fc03e885a00 Options.max_bytes_for_level_multiplier_addtl[2]: 1
2018/04/13-07:30:49.442860 7fc03e885a00 Options.max_bytes_for_level_multiplier_addtl[3]: 1
2018/04/13-07:30:49.442861 7fc03e885a00 Options.max_bytes_for_level_multiplier_addtl[4]: 1
2018/04/13-07:30:49.442862 7fc03e885a00 Options.max_bytes_for_level_multiplier_addtl[5]: 1
2018/04/13-07:30:49.442863 7fc03e885a00 Options.max_bytes_for_level_multiplier_addtl[6]: 1
2018/04/13-07:30:49.442864 7fc03e885a00       Options.max_sequential_skip_in_iterations: 8
2018/04/13-07:30:49.442865 7fc03e885a00                    Options.max_compaction_bytes: 1677721600
2018/04/13-07:30:49.442866 7fc03e885a00                        Options.arena_block_size: 2147483648
2018/04/13-07:30:49.442867 7fc03e885a00   Options.soft_pending_compaction_bytes_limit: 68719476736
2018/04/13-07:30:49.442868 7fc03e885a00   Options.hard_pending_compaction_bytes_limit: 137438953472
2018/04/13-07:30:49.442869 7fc03e885a00       Options.rate_limit_delay_max_milliseconds: 1000
2018/04/13-07:30:49.442870 7fc03e885a00                Options.disable_auto_compactions: 0
2018/04/13-07:30:49.442872 7fc03e885a00                        Options.compaction_style: kCompactionStyleLevel
2018/04/13-07:30:49.442873 7fc03e885a00                          Options.compaction_pri: kByCompensatedSize
2018/04/13-07:30:49.442874 7fc03e885a00 Options.compaction_options_universal.size_ratio: 1
2018/04/13-07:30:49.442875 7fc03e885a00 Options.compaction_options_universal.min_merge_width: 2
2018/04/13-07:30:49.442880 7fc03e885a00 Options.compaction_options_universal.max_merge_width: 4294967295
2018/04/13-07:30:49.442882 7fc03e885a00 Options.compaction_options_universal.max_size_amplification_percent: 200
2018/04/13-07:30:49.442883 7fc03e885a00 Options.compaction_options_universal.compression_size_percent: -1
2018/04/13-07:30:49.442884 7fc03e885a00 Options.compaction_options_universal.stop_style: kCompactionStopStyleTotalSize
2018/04/13-07:30:49.442885 7fc03e885a00 Options.compaction_options_fifo.max_table_files_size: 0
2018/04/13-07:30:49.442886 7fc03e885a00 Options.compaction_options_fifo.allow_compaction: 1
2018/04/13-07:30:49.442887 7fc03e885a00 Options.compaction_options_fifo.ttl: 0
2018/04/13-07:30:49.442888 7fc03e885a00                   Options.table_properties_collectors: 
2018/04/13-07:30:49.442889 7fc03e885a00                   Options.inplace_update_support: 0
2018/04/13-07:30:49.442890 7fc03e885a00                 Options.inplace_update_num_locks: 10000
2018/04/13-07:30:49.442892 7fc03e885a00               Options.memtable_prefix_bloom_size_ratio: 0.000000
2018/04/13-07:30:49.442893 7fc03e885a00   Options.memtable_huge_page_size: 0
2018/04/13-07:30:49.442894 7fc03e885a00                           Options.bloom_locality: 0
2018/04/13-07:30:49.442895 7fc03e885a00                    Options.max_successive_merges: 0
2018/04/13-07:30:49.442896 7fc03e885a00                Options.optimize_filters_for_hits: 0
2018/04/13-07:30:49.442897 7fc03e885a00                Options.paranoid_file_checks: 0
2018/04/13-07:30:49.442898 7fc03e885a00                Options.force_consistency_checks: 0
2018/04/13-07:30:49.442899 7fc03e885a00                Options.report_bg_io_stats: 0
2018/04/13-07:30:49.905832 7fc03e885a00 [db/version_set.cc:3100] Recovered from manifest file:/mnt/rocksdb/MANIFEST-000001 succeeded,manifest_file_number is 1, next_file_number is 3, last_sequence is 0, log_number is 0,prev_log_number is 0,max_column_family is 0
2018/04/13-07:30:49.905845 7fc03e885a00 [db/version_set.cc:3108] Column family [default] (ID 0), log number is 0
2018/04/13-07:30:49.911893 7fc03e885a00 [db/db_impl_open.cc:1165] DB pointer 0x1d62dd0
2018/04/13-07:30:58.954662 7fc03e885a00 [db/db_impl.cc:252] Shutdown: canceling all background work
2018/04/13-07:30:58.959380 7fc03e885a00 [db/db_impl.cc:383] Shutdown complete
