2018/04/12-01:28:53.541212 7f39dcc05a00 RocksDB version: 5.10.0
2018/04/12-01:28:53.541236 7f39dcc05a00 Git sha rocksdb_build_git_sha:e62a7637520fe6185f4dd575743057c516c9fe69
2018/04/12-01:28:53.541238 7f39dcc05a00 Compile date Feb 20 2018
2018/04/12-01:28:53.541241 7f39dcc05a00 DB SUMMARY
2018/04/12-01:28:53.541250 7f39dcc05a00 SST files in /mnt/rocksdb dir, Total Num: 0, files: 
2018/04/12-01:28:53.541252 7f39dcc05a00 Write Ahead Log file in /mnt/rocksdb: 
2018/04/12-01:28:53.541254 7f39dcc05a00                         Options.error_if_exists: 0
2018/04/12-01:28:53.541255 7f39dcc05a00                       Options.create_if_missing: 1
2018/04/12-01:28:53.541256 7f39dcc05a00                         Options.paranoid_checks: 1
2018/04/12-01:28:53.541257 7f39dcc05a00                                     Options.env: 0xad9900
2018/04/12-01:28:53.541258 7f39dcc05a00                                Options.info_log: 0x12ae820
2018/04/12-01:28:53.541259 7f39dcc05a00                Options.max_file_opening_threads: 16
2018/04/12-01:28:53.541260 7f39dcc05a00                              Options.statistics: 0x12a4460
2018/04/12-01:28:53.541261 7f39dcc05a00                               Options.use_fsync: 0
2018/04/12-01:28:53.541262 7f39dcc05a00                       Options.max_log_file_size: 0
2018/04/12-01:28:53.541263 7f39dcc05a00                  Options.max_manifest_file_size: 18446744073709551615
2018/04/12-01:28:53.541264 7f39dcc05a00                   Options.log_file_time_to_roll: 0
2018/04/12-01:28:53.541265 7f39dcc05a00                       Options.keep_log_file_num: 1000
2018/04/12-01:28:53.541266 7f39dcc05a00                    Options.recycle_log_file_num: 0
2018/04/12-01:28:53.541267 7f39dcc05a00                         Options.allow_fallocate: 1
2018/04/12-01:28:53.541268 7f39dcc05a00                        Options.allow_mmap_reads: 0
2018/04/12-01:28:53.541269 7f39dcc05a00                       Options.allow_mmap_writes: 0
2018/04/12-01:28:53.541270 7f39dcc05a00                        Options.use_direct_reads: 0
2018/04/12-01:28:53.541271 7f39dcc05a00                        Options.use_direct_io_for_flush_and_compaction: 0
2018/04/12-01:28:53.541272 7f39dcc05a00          Options.create_missing_column_families: 0
2018/04/12-01:28:53.541273 7f39dcc05a00                              Options.db_log_dir: 
2018/04/12-01:28:53.541274 7f39dcc05a00                                 Options.wal_dir: /mnt/rocksdb
2018/04/12-01:28:53.541275 7f39dcc05a00                Options.table_cache_numshardbits: 4
2018/04/12-01:28:53.541276 7f39dcc05a00                      Options.max_subcompactions: 1
2018/04/12-01:28:53.541276 7f39dcc05a00                  Options.max_background_flushes: -1
2018/04/12-01:28:53.541277 7f39dcc05a00                         Options.WAL_ttl_seconds: 0
2018/04/12-01:28:53.541278 7f39dcc05a00                       Options.WAL_size_limit_MB: 0
2018/04/12-01:28:53.541279 7f39dcc05a00             Options.manifest_preallocation_size: 4194304
2018/04/12-01:28:53.541280 7f39dcc05a00                     Options.is_fd_close_on_exec: 1
2018/04/12-01:28:53.541281 7f39dcc05a00                   Options.advise_random_on_open: 1
2018/04/12-01:28:53.541282 7f39dcc05a00                    Options.db_write_buffer_size: 0
2018/04/12-01:28:53.541283 7f39dcc05a00                    Options.write_buffer_manager: 0x12a4cb0
2018/04/12-01:28:53.541284 7f39dcc05a00         Options.access_hint_on_compaction_start: 1
2018/04/12-01:28:53.541285 7f39dcc05a00  Options.new_table_reader_for_compaction_inputs: 1
2018/04/12-01:28:53.541286 7f39dcc05a00           Options.random_access_max_buffer_size: 1048576
2018/04/12-01:28:53.541287 7f39dcc05a00                      Options.use_adaptive_mutex: 0
2018/04/12-01:28:53.541288 7f39dcc05a00                            Options.rate_limiter: (nil)
2018/04/12-01:28:53.541289 7f39dcc05a00     Options.sst_file_manager.rate_bytes_per_sec: 0
2018/04/12-01:28:53.541290 7f39dcc05a00                       Options.wal_recovery_mode: 2
2018/04/12-01:28:53.541291 7f39dcc05a00                  Options.enable_thread_tracking: 0
2018/04/12-01:28:53.541292 7f39dcc05a00                  Options.enable_pipelined_write: 1
2018/04/12-01:28:53.541298 7f39dcc05a00         Options.allow_concurrent_memtable_write: 1
2018/04/12-01:28:53.541299 7f39dcc05a00      Options.enable_write_thread_adaptive_yield: 1
2018/04/12-01:28:53.541299 7f39dcc05a00             Options.write_thread_max_yield_usec: 100
2018/04/12-01:28:53.541300 7f39dcc05a00            Options.write_thread_slow_yield_usec: 3
2018/04/12-01:28:53.541301 7f39dcc05a00                               Options.row_cache: None
2018/04/12-01:28:53.541302 7f39dcc05a00                              Options.wal_filter: None
2018/04/12-01:28:53.541303 7f39dcc05a00             Options.avoid_flush_during_recovery: 0
2018/04/12-01:28:53.541304 7f39dcc05a00             Options.allow_ingest_behind: 0
2018/04/12-01:28:53.541305 7f39dcc05a00             Options.preserve_deletes: 0
2018/04/12-01:28:53.541306 7f39dcc05a00             Options.two_write_queues: 0
2018/04/12-01:28:53.541307 7f39dcc05a00             Options.manual_wal_flush: 0
2018/04/12-01:28:53.541308 7f39dcc05a00             Options.max_background_jobs: 2
2018/04/12-01:28:53.541309 7f39dcc05a00             Options.max_background_compactions: -1
2018/04/12-01:28:53.541310 7f39dcc05a00             Options.avoid_flush_during_shutdown: 0
2018/04/12-01:28:53.541311 7f39dcc05a00           Options.writable_file_max_buffer_size: 1048576
2018/04/12-01:28:53.541312 7f39dcc05a00             Options.delayed_write_rate : 8388608
2018/04/12-01:28:53.541313 7f39dcc05a00             Options.max_total_wal_size: 0
2018/04/12-01:28:53.541314 7f39dcc05a00             Options.delete_obsolete_files_period_micros: 21600000000
2018/04/12-01:28:53.541315 7f39dcc05a00                   Options.stats_dump_period_sec: 600
2018/04/12-01:28:53.541316 7f39dcc05a00                          Options.max_open_files: -1
2018/04/12-01:28:53.541317 7f39dcc05a00                          Options.bytes_per_sync: 0
2018/04/12-01:28:53.541318 7f39dcc05a00                      Options.wal_bytes_per_sync: 0
2018/04/12-01:28:53.541319 7f39dcc05a00       Options.compaction_readahead_size: 0
2018/04/12-01:28:53.541320 7f39dcc05a00 Compression algorithms supported:
2018/04/12-01:28:53.541321 7f39dcc05a00 	kZSTDNotFinalCompression supported: 1
2018/04/12-01:28:53.541322 7f39dcc05a00 	kZSTD supported: 0
2018/04/12-01:28:53.541324 7f39dcc05a00 	kXpressCompression supported: 0
2018/04/12-01:28:53.541325 7f39dcc05a00 	kLZ4HCCompression supported: 1
2018/04/12-01:28:53.541326 7f39dcc05a00 	kLZ4Compression supported: 1
2018/04/12-01:28:53.541327 7f39dcc05a00 	kBZip2Compression supported: 1
2018/04/12-01:28:53.541328 7f39dcc05a00 	kZlibCompression supported: 1
2018/04/12-01:28:53.541329 7f39dcc05a00 	kSnappyCompression supported: 1
2018/04/12-01:28:53.541336 7f39dcc05a00 Fast CRC32 supported: Supported on x86
2018/04/12-01:28:53.541359 7f39dcc05a00 [db/db_impl_open.cc:227] Creating manifest 1 
2018/04/12-01:28:53.572161 7f39dcc05a00 [db/version_set.cc:2834] Recovering from manifest file: MANIFEST-000001
2018/04/12-01:28:53.572203 7f39dcc05a00 [db/column_family.cc:430] --------------- Options for column family [default]:
2018/04/12-01:28:53.572205 7f39dcc05a00               Options.comparator: leveldb.BytewiseComparator
2018/04/12-01:28:53.572206 7f39dcc05a00           Options.merge_operator: None
2018/04/12-01:28:53.572208 7f39dcc05a00        Options.compaction_filter: None
2018/04/12-01:28:53.572209 7f39dcc05a00        Options.compaction_filter_factory: None
2018/04/12-01:28:53.572210 7f39dcc05a00         Options.memtable_factory: SkipListFactory
2018/04/12-01:28:53.572211 7f39dcc05a00            Options.table_factory: BlockBasedTable
2018/04/12-01:28:53.572234 7f39dcc05a00            table_factory options:   flush_block_policy_factory: FlushBlockBySizePolicyFactory (0x11a4750)
  cache_index_and_filter_blocks: 0
  cache_index_and_filter_blocks_with_high_priority: 0
  pin_l0_filter_and_index_blocks_in_cache: 0
  index_type: 0
  hash_index_allow_collision: 1
  checksum: 1
  no_block_cache: 0
  block_cache: 0x129c4e0
  block_cache_name: LRUCache
  block_cache_options:
    capacity : 8388608
    num_shard_bits : 6
    strict_capacity_limit : 0
    high_pri_pool_ratio: 0.000
  block_cache_compressed: (nil)
  persistent_cache: (nil)
  block_size: 4096
  block_size_deviation: 10
  block_restart_interval: 16
  index_block_restart_interval: 1
  metadata_block_size: 4096
  partition_filters: 0
  use_delta_encoding: 1
  filter_policy: nullptr
  whole_key_filtering: 1
  verify_compression: 0
  read_amp_bytes_per_bit: 0
  format_version: 2
  enable_index_compression: 1
2018/04/12-01:28:53.572245 7f39dcc05a00        Options.write_buffer_size: 17179869184
2018/04/12-01:28:53.572247 7f39dcc05a00  Options.max_write_buffer_number: 2
2018/04/12-01:28:53.572248 7f39dcc05a00          Options.compression: Snappy
2018/04/12-01:28:53.572249 7f39dcc05a00                  Options.bottommost_compression: Disabled
2018/04/12-01:28:53.572251 7f39dcc05a00       Options.prefix_extractor: rocksdb.FixedPrefix.8
2018/04/12-01:28:53.572252 7f39dcc05a00   Options.memtable_insert_with_hint_prefix_extractor: nullptr
2018/04/12-01:28:53.572253 7f39dcc05a00             Options.num_levels: 7
2018/04/12-01:28:53.572254 7f39dcc05a00        Options.min_write_buffer_number_to_merge: 1
2018/04/12-01:28:53.572255 7f39dcc05a00     Options.max_write_buffer_number_to_maintain: 0
2018/04/12-01:28:53.572256 7f39dcc05a00            Options.compression_opts.window_bits: -14
2018/04/12-01:28:53.572257 7f39dcc05a00                  Options.compression_opts.level: -1
2018/04/12-01:28:53.572258 7f39dcc05a00               Options.compression_opts.strategy: 0
2018/04/12-01:28:53.572259 7f39dcc05a00         Options.compression_opts.max_dict_bytes: 0
2018/04/12-01:28:53.572260 7f39dcc05a00      Options.level0_file_num_compaction_trigger: 4
2018/04/12-01:28:53.572261 7f39dcc05a00          Options.level0_slowdown_writes_trigger: 20
2018/04/12-01:28:53.572262 7f39dcc05a00              Options.level0_stop_writes_trigger: 36
2018/04/12-01:28:53.572263 7f39dcc05a00                   Options.target_file_size_base: 67108864
2018/04/12-01:28:53.572264 7f39dcc05a00             Options.target_file_size_multiplier: 1
2018/04/12-01:28:53.572264 7f39dcc05a00                Options.max_bytes_for_level_base: 268435456
2018/04/12-01:28:53.572265 7f39dcc05a00 Options.level_compaction_dynamic_level_bytes: 0
2018/04/12-01:28:53.572266 7f39dcc05a00          Options.max_bytes_for_level_multiplier: 10.000000
2018/04/12-01:28:53.572269 7f39dcc05a00 Options.max_bytes_for_level_multiplier_addtl[0]: 1
2018/04/12-01:28:53.572270 7f39dcc05a00 Options.max_bytes_for_level_multiplier_addtl[1]: 1
2018/04/12-01:28:53.572271 7f39dcc05a00 Options.max_bytes_for_level_multiplier_addtl[2]: 1
2018/04/12-01:28:53.572272 7f39dcc05a00 Options.max_bytes_for_level_multiplier_addtl[3]: 1
2018/04/12-01:28:53.572273 7f39dcc05a00 Options.max_bytes_for_level_multiplier_addtl[4]: 1
2018/04/12-01:28:53.572274 7f39dcc05a00 Options.max_bytes_for_level_multiplier_addtl[5]: 1
2018/04/12-01:28:53.572275 7f39dcc05a00 Options.max_bytes_for_level_multiplier_addtl[6]: 1
2018/04/12-01:28:53.572276 7f39dcc05a00       Options.max_sequential_skip_in_iterations: 8
2018/04/12-01:28:53.572277 7f39dcc05a00                    Options.max_compaction_bytes: 1677721600
2018/04/12-01:28:53.572278 7f39dcc05a00                        Options.arena_block_size: 2147483648
2018/04/12-01:28:53.572279 7f39dcc05a00   Options.soft_pending_compaction_bytes_limit: 68719476736
2018/04/12-01:28:53.572280 7f39dcc05a00   Options.hard_pending_compaction_bytes_limit: 137438953472
2018/04/12-01:28:53.572281 7f39dcc05a00       Options.rate_limit_delay_max_milliseconds: 1000
2018/04/12-01:28:53.572282 7f39dcc05a00                Options.disable_auto_compactions: 1
2018/04/12-01:28:53.572283 7f39dcc05a00                        Options.compaction_style: kCompactionStyleLevel
2018/04/12-01:28:53.572285 7f39dcc05a00                          Options.compaction_pri: kByCompensatedSize
2018/04/12-01:28:53.572286 7f39dcc05a00 Options.compaction_options_universal.size_ratio: 1
2018/04/12-01:28:53.572287 7f39dcc05a00 Options.compaction_options_universal.min_merge_width: 2
2018/04/12-01:28:53.572292 7f39dcc05a00 Options.compaction_options_universal.max_merge_width: 4294967295
2018/04/12-01:28:53.572293 7f39dcc05a00 Options.compaction_options_universal.max_size_amplification_percent: 200
2018/04/12-01:28:53.572294 7f39dcc05a00 Options.compaction_options_universal.compression_size_percent: -1
2018/04/12-01:28:53.572295 7f39dcc05a00 Options.compaction_options_universal.stop_style: kCompactionStopStyleTotalSize
2018/04/12-01:28:53.572297 7f39dcc05a00 Options.compaction_options_fifo.max_table_files_size: 0
2018/04/12-01:28:53.572298 7f39dcc05a00 Options.compaction_options_fifo.allow_compaction: 1
2018/04/12-01:28:53.572298 7f39dcc05a00 Options.compaction_options_fifo.ttl: 0
2018/04/12-01:28:53.572299 7f39dcc05a00                   Options.table_properties_collectors: 
2018/04/12-01:28:53.572301 7f39dcc05a00                   Options.inplace_update_support: 0
2018/04/12-01:28:53.572302 7f39dcc05a00                 Options.inplace_update_num_locks: 10000
2018/04/12-01:28:53.572303 7f39dcc05a00               Options.memtable_prefix_bloom_size_ratio: 0.000000
2018/04/12-01:28:53.572304 7f39dcc05a00   Options.memtable_huge_page_size: 0
2018/04/12-01:28:53.572305 7f39dcc05a00                           Options.bloom_locality: 0
2018/04/12-01:28:53.572306 7f39dcc05a00                    Options.max_successive_merges: 0
2018/04/12-01:28:53.572307 7f39dcc05a00                Options.optimize_filters_for_hits: 0
2018/04/12-01:28:53.572308 7f39dcc05a00                Options.paranoid_file_checks: 0
2018/04/12-01:28:53.572309 7f39dcc05a00                Options.force_consistency_checks: 0
2018/04/12-01:28:53.572310 7f39dcc05a00                Options.report_bg_io_stats: 0
2018/04/12-01:28:53.573695 7f39dcc05a00 [db/version_set.cc:3100] Recovered from manifest file:/mnt/rocksdb/MANIFEST-000001 succeeded,manifest_file_number is 1, next_file_number is 3, last_sequence is 0, log_number is 0,prev_log_number is 0,max_column_family is 0
2018/04/12-01:28:53.573700 7f39dcc05a00 [db/version_set.cc:3108] Column family [default] (ID 0), log number is 0
2018/04/12-01:28:53.579707 7f39dcc05a00 [db/db_impl_open.cc:1165] DB pointer 0x12aadd0
2018/04/12-01:29:52.616772 7f39dcc05a00 [db/db_impl.cc:252] Shutdown: canceling all background work
2018/04/12-01:29:52.623427 7f39dcc05a00 [db/db_impl.cc:383] Shutdown complete
