2018/04/12-12:23:52.869287 7fc69f19da00 RocksDB version: 5.10.0
2018/04/12-12:23:52.869306 7fc69f19da00 Git sha rocksdb_build_git_sha:e62a7637520fe6185f4dd575743057c516c9fe69
2018/04/12-12:23:52.869308 7fc69f19da00 Compile date Feb 20 2018
2018/04/12-12:23:52.869309 7fc69f19da00 DB SUMMARY
2018/04/12-12:23:52.869318 7fc69f19da00 SST files in /mnt/rocksdb dir, Total Num: 0, files: 
2018/04/12-12:23:52.869320 7fc69f19da00 Write Ahead Log file in /mnt/rocksdb: 
2018/04/12-12:23:52.869321 7fc69f19da00                         Options.error_if_exists: 0
2018/04/12-12:23:52.869323 7fc69f19da00                       Options.create_if_missing: 1
2018/04/12-12:23:52.869324 7fc69f19da00                         Options.paranoid_checks: 1
2018/04/12-12:23:52.869324 7fc69f19da00                                     Options.env: 0xad9900
2018/04/12-12:23:52.869325 7fc69f19da00                                Options.info_log: 0x164bd60
2018/04/12-12:23:52.869327 7fc69f19da00                Options.max_file_opening_threads: 16
2018/04/12-12:23:52.869328 7fc69f19da00                              Options.statistics: 0x1644460
2018/04/12-12:23:52.869329 7fc69f19da00                               Options.use_fsync: 0
2018/04/12-12:23:52.869329 7fc69f19da00                       Options.max_log_file_size: 0
2018/04/12-12:23:52.869331 7fc69f19da00                  Options.max_manifest_file_size: 18446744073709551615
2018/04/12-12:23:52.869332 7fc69f19da00                   Options.log_file_time_to_roll: 0
2018/04/12-12:23:52.869333 7fc69f19da00                       Options.keep_log_file_num: 1000
2018/04/12-12:23:52.869334 7fc69f19da00                    Options.recycle_log_file_num: 0
2018/04/12-12:23:52.869335 7fc69f19da00                         Options.allow_fallocate: 1
2018/04/12-12:23:52.869336 7fc69f19da00                        Options.allow_mmap_reads: 0
2018/04/12-12:23:52.869336 7fc69f19da00                       Options.allow_mmap_writes: 0
2018/04/12-12:23:52.869337 7fc69f19da00                        Options.use_direct_reads: 0
2018/04/12-12:23:52.869338 7fc69f19da00                        Options.use_direct_io_for_flush_and_compaction: 0
2018/04/12-12:23:52.869339 7fc69f19da00          Options.create_missing_column_families: 0
2018/04/12-12:23:52.869340 7fc69f19da00                              Options.db_log_dir: 
2018/04/12-12:23:52.869341 7fc69f19da00                                 Options.wal_dir: /mnt/rocksdb
2018/04/12-12:23:52.869342 7fc69f19da00                Options.table_cache_numshardbits: 4
2018/04/12-12:23:52.869343 7fc69f19da00                      Options.max_subcompactions: 1
2018/04/12-12:23:52.869344 7fc69f19da00                  Options.max_background_flushes: -1
2018/04/12-12:23:52.869345 7fc69f19da00                         Options.WAL_ttl_seconds: 0
2018/04/12-12:23:52.869346 7fc69f19da00                       Options.WAL_size_limit_MB: 0
2018/04/12-12:23:52.869347 7fc69f19da00             Options.manifest_preallocation_size: 4194304
2018/04/12-12:23:52.869348 7fc69f19da00                     Options.is_fd_close_on_exec: 1
2018/04/12-12:23:52.869349 7fc69f19da00                   Options.advise_random_on_open: 1
2018/04/12-12:23:52.869350 7fc69f19da00                    Options.db_write_buffer_size: 0
2018/04/12-12:23:52.869351 7fc69f19da00                    Options.write_buffer_manager: 0x161e1a0
2018/04/12-12:23:52.869352 7fc69f19da00         Options.access_hint_on_compaction_start: 1
2018/04/12-12:23:52.869352 7fc69f19da00  Options.new_table_reader_for_compaction_inputs: 1
2018/04/12-12:23:52.869353 7fc69f19da00           Options.random_access_max_buffer_size: 1048576
2018/04/12-12:23:52.869354 7fc69f19da00                      Options.use_adaptive_mutex: 0
2018/04/12-12:23:52.869355 7fc69f19da00                            Options.rate_limiter: (nil)
2018/04/12-12:23:52.869356 7fc69f19da00     Options.sst_file_manager.rate_bytes_per_sec: 0
2018/04/12-12:23:52.869357 7fc69f19da00                       Options.wal_recovery_mode: 2
2018/04/12-12:23:52.869358 7fc69f19da00                  Options.enable_thread_tracking: 0
2018/04/12-12:23:52.869359 7fc69f19da00                  Options.enable_pipelined_write: 1
2018/04/12-12:23:52.869364 7fc69f19da00         Options.allow_concurrent_memtable_write: 0
2018/04/12-12:23:52.869366 7fc69f19da00      Options.enable_write_thread_adaptive_yield: 1
2018/04/12-12:23:52.869366 7fc69f19da00             Options.write_thread_max_yield_usec: 100
2018/04/12-12:23:52.869367 7fc69f19da00            Options.write_thread_slow_yield_usec: 3
2018/04/12-12:23:52.869368 7fc69f19da00                               Options.row_cache: None
2018/04/12-12:23:52.869369 7fc69f19da00                              Options.wal_filter: None
2018/04/12-12:23:52.869370 7fc69f19da00             Options.avoid_flush_during_recovery: 0
2018/04/12-12:23:52.869371 7fc69f19da00             Options.allow_ingest_behind: 0
2018/04/12-12:23:52.869372 7fc69f19da00             Options.preserve_deletes: 0
2018/04/12-12:23:52.869373 7fc69f19da00             Options.two_write_queues: 0
2018/04/12-12:23:52.869374 7fc69f19da00             Options.manual_wal_flush: 0
2018/04/12-12:23:52.869375 7fc69f19da00             Options.max_background_jobs: 2
2018/04/12-12:23:52.869376 7fc69f19da00             Options.max_background_compactions: -1
2018/04/12-12:23:52.869377 7fc69f19da00             Options.avoid_flush_during_shutdown: 0
2018/04/12-12:23:52.869378 7fc69f19da00           Options.writable_file_max_buffer_size: 1048576
2018/04/12-12:23:52.869379 7fc69f19da00             Options.delayed_write_rate : 8388608
2018/04/12-12:23:52.869380 7fc69f19da00             Options.max_total_wal_size: 0
2018/04/12-12:23:52.869381 7fc69f19da00             Options.delete_obsolete_files_period_micros: 21600000000
2018/04/12-12:23:52.869382 7fc69f19da00                   Options.stats_dump_period_sec: 600
2018/04/12-12:23:52.869383 7fc69f19da00                          Options.max_open_files: -1
2018/04/12-12:23:52.869384 7fc69f19da00                          Options.bytes_per_sync: 0
2018/04/12-12:23:52.869385 7fc69f19da00                      Options.wal_bytes_per_sync: 0
2018/04/12-12:23:52.869385 7fc69f19da00       Options.compaction_readahead_size: 0
2018/04/12-12:23:52.869386 7fc69f19da00 Compression algorithms supported:
2018/04/12-12:23:52.869387 7fc69f19da00 	kZSTDNotFinalCompression supported: 1
2018/04/12-12:23:52.869389 7fc69f19da00 	kZSTD supported: 0
2018/04/12-12:23:52.869390 7fc69f19da00 	kXpressCompression supported: 0
2018/04/12-12:23:52.869391 7fc69f19da00 	kLZ4HCCompression supported: 1
2018/04/12-12:23:52.869392 7fc69f19da00 	kLZ4Compression supported: 1
2018/04/12-12:23:52.869394 7fc69f19da00 	kBZip2Compression supported: 1
2018/04/12-12:23:52.869395 7fc69f19da00 	kZlibCompression supported: 1
2018/04/12-12:23:52.869396 7fc69f19da00 	kSnappyCompression supported: 1
2018/04/12-12:23:52.869402 7fc69f19da00 Fast CRC32 supported: Supported on x86
2018/04/12-12:23:52.869424 7fc69f19da00 [db/db_impl_open.cc:227] Creating manifest 1 
2018/04/12-12:23:52.882083 7fc69f19da00 [db/version_set.cc:2834] Recovering from manifest file: MANIFEST-000001
2018/04/12-12:23:52.882124 7fc69f19da00 [db/column_family.cc:430] --------------- Options for column family [default]:
2018/04/12-12:23:52.882126 7fc69f19da00               Options.comparator: leveldb.BytewiseComparator
2018/04/12-12:23:52.882128 7fc69f19da00           Options.merge_operator: None
2018/04/12-12:23:52.882129 7fc69f19da00        Options.compaction_filter: None
2018/04/12-12:23:52.882130 7fc69f19da00        Options.compaction_filter_factory: None
2018/04/12-12:23:52.882131 7fc69f19da00         Options.memtable_factory: HashCuckooRepFactory
2018/04/12-12:23:52.882132 7fc69f19da00            Options.table_factory: BlockBasedTable
2018/04/12-12:23:52.882155 7fc69f19da00            table_factory options:   flush_block_policy_factory: FlushBlockBySizePolicyFactory (0x164e980)
  cache_index_and_filter_blocks: 0
  cache_index_and_filter_blocks_with_high_priority: 0
  pin_l0_filter_and_index_blocks_in_cache: 0
  index_type: 0
  hash_index_allow_collision: 1
  checksum: 1
  no_block_cache: 0
  block_cache: 0x163c4e0
  block_cache_name: LRUCache
  block_cache_options:
    capacity : 8388608
    num_shard_bits : 6
    strict_capacity_limit : 0
    high_pri_pool_ratio: 0.000
  block_cache_compressed: (nil)
  persistent_cache: (nil)
  block_size: 4096
  block_size_deviation: 10
  block_restart_interval: 16
  index_block_restart_interval: 1
  metadata_block_size: 4096
  partition_filters: 0
  use_delta_encoding: 1
  filter_policy: nullptr
  whole_key_filtering: 1
  verify_compression: 0
  read_amp_bytes_per_bit: 0
  format_version: 2
  enable_index_compression: 1
2018/04/12-12:23:52.882167 7fc69f19da00        Options.write_buffer_size: 17179869184
2018/04/12-12:23:52.882169 7fc69f19da00  Options.max_write_buffer_number: 2
2018/04/12-12:23:52.882170 7fc69f19da00          Options.compression: Snappy
2018/04/12-12:23:52.882171 7fc69f19da00                  Options.bottommost_compression: Disabled
2018/04/12-12:23:52.882172 7fc69f19da00       Options.prefix_extractor: rocksdb.FixedPrefix.8
2018/04/12-12:23:52.882174 7fc69f19da00   Options.memtable_insert_with_hint_prefix_extractor: nullptr
2018/04/12-12:23:52.882175 7fc69f19da00             Options.num_levels: 7
2018/04/12-12:23:52.882176 7fc69f19da00        Options.min_write_buffer_number_to_merge: 1
2018/04/12-12:23:52.882177 7fc69f19da00     Options.max_write_buffer_number_to_maintain: 0
2018/04/12-12:23:52.882178 7fc69f19da00            Options.compression_opts.window_bits: -14
2018/04/12-12:23:52.882179 7fc69f19da00                  Options.compression_opts.level: -1
2018/04/12-12:23:52.882180 7fc69f19da00               Options.compression_opts.strategy: 0
2018/04/12-12:23:52.882181 7fc69f19da00         Options.compression_opts.max_dict_bytes: 0
2018/04/12-12:23:52.882181 7fc69f19da00      Options.level0_file_num_compaction_trigger: 4
2018/04/12-12:23:52.882182 7fc69f19da00          Options.level0_slowdown_writes_trigger: 20
2018/04/12-12:23:52.882183 7fc69f19da00              Options.level0_stop_writes_trigger: 36
2018/04/12-12:23:52.882184 7fc69f19da00                   Options.target_file_size_base: 67108864
2018/04/12-12:23:52.882185 7fc69f19da00             Options.target_file_size_multiplier: 1
2018/04/12-12:23:52.882186 7fc69f19da00                Options.max_bytes_for_level_base: 268435456
2018/04/12-12:23:52.882187 7fc69f19da00 Options.level_compaction_dynamic_level_bytes: 0
2018/04/12-12:23:52.882188 7fc69f19da00          Options.max_bytes_for_level_multiplier: 10.000000
2018/04/12-12:23:52.882190 7fc69f19da00 Options.max_bytes_for_level_multiplier_addtl[0]: 1
2018/04/12-12:23:52.882191 7fc69f19da00 Options.max_bytes_for_level_multiplier_addtl[1]: 1
2018/04/12-12:23:52.882192 7fc69f19da00 Options.max_bytes_for_level_multiplier_addtl[2]: 1
2018/04/12-12:23:52.882193 7fc69f19da00 Options.max_bytes_for_level_multiplier_addtl[3]: 1
2018/04/12-12:23:52.882194 7fc69f19da00 Options.max_bytes_for_level_multiplier_addtl[4]: 1
2018/04/12-12:23:52.882195 7fc69f19da00 Options.max_bytes_for_level_multiplier_addtl[5]: 1
2018/04/12-12:23:52.882196 7fc69f19da00 Options.max_bytes_for_level_multiplier_addtl[6]: 1
2018/04/12-12:23:52.882197 7fc69f19da00       Options.max_sequential_skip_in_iterations: 8
2018/04/12-12:23:52.882198 7fc69f19da00                    Options.max_compaction_bytes: 1677721600
2018/04/12-12:23:52.882199 7fc69f19da00                        Options.arena_block_size: 2147483648
2018/04/12-12:23:52.882200 7fc69f19da00   Options.soft_pending_compaction_bytes_limit: 68719476736
2018/04/12-12:23:52.882200 7fc69f19da00   Options.hard_pending_compaction_bytes_limit: 137438953472
2018/04/12-12:23:52.882201 7fc69f19da00       Options.rate_limit_delay_max_milliseconds: 1000
2018/04/12-12:23:52.882202 7fc69f19da00                Options.disable_auto_compactions: 0
2018/04/12-12:23:52.882204 7fc69f19da00                        Options.compaction_style: kCompactionStyleLevel
2018/04/12-12:23:52.882206 7fc69f19da00                          Options.compaction_pri: kByCompensatedSize
2018/04/12-12:23:52.882207 7fc69f19da00 Options.compaction_options_universal.size_ratio: 1
2018/04/12-12:23:52.882208 7fc69f19da00 Options.compaction_options_universal.min_merge_width: 2
2018/04/12-12:23:52.882212 7fc69f19da00 Options.compaction_options_universal.max_merge_width: 4294967295
2018/04/12-12:23:52.882213 7fc69f19da00 Options.compaction_options_universal.max_size_amplification_percent: 200
2018/04/12-12:23:52.882214 7fc69f19da00 Options.compaction_options_universal.compression_size_percent: -1
2018/04/12-12:23:52.882216 7fc69f19da00 Options.compaction_options_universal.stop_style: kCompactionStopStyleTotalSize
2018/04/12-12:23:52.882217 7fc69f19da00 Options.compaction_options_fifo.max_table_files_size: 0
2018/04/12-12:23:52.882218 7fc69f19da00 Options.compaction_options_fifo.allow_compaction: 1
2018/04/12-12:23:52.882219 7fc69f19da00 Options.compaction_options_fifo.ttl: 0
2018/04/12-12:23:52.882220 7fc69f19da00                   Options.table_properties_collectors: 
2018/04/12-12:23:52.882221 7fc69f19da00                   Options.inplace_update_support: 0
2018/04/12-12:23:52.882222 7fc69f19da00                 Options.inplace_update_num_locks: 10000
2018/04/12-12:23:52.882223 7fc69f19da00               Options.memtable_prefix_bloom_size_ratio: 0.000000
2018/04/12-12:23:52.882224 7fc69f19da00   Options.memtable_huge_page_size: 0
2018/04/12-12:23:52.882225 7fc69f19da00                           Options.bloom_locality: 0
2018/04/12-12:23:52.882226 7fc69f19da00                    Options.max_successive_merges: 0
2018/04/12-12:23:52.882227 7fc69f19da00                Options.optimize_filters_for_hits: 0
2018/04/12-12:23:52.882228 7fc69f19da00                Options.paranoid_file_checks: 0
2018/04/12-12:23:52.882229 7fc69f19da00                Options.force_consistency_checks: 0
2018/04/12-12:23:52.882230 7fc69f19da00                Options.report_bg_io_stats: 0
2018/04/12-12:23:53.344495 7fc69f19da00 [db/version_set.cc:3100] Recovered from manifest file:/mnt/rocksdb/MANIFEST-000001 succeeded,manifest_file_number is 1, next_file_number is 3, last_sequence is 0, log_number is 0,prev_log_number is 0,max_column_family is 0
2018/04/12-12:23:53.344507 7fc69f19da00 [db/version_set.cc:3108] Column family [default] (ID 0), log number is 0
2018/04/12-12:23:53.349868 7fc69f19da00 [db/db_impl_open.cc:1165] DB pointer 0x164ae30
2018/04/12-12:24:09.946347 7fc69f19da00 [db/db_impl.cc:252] Shutdown: canceling all background work
2018/04/12-12:24:09.951752 7fc69f19da00 [db/db_impl.cc:383] Shutdown complete
