2018/04/13-08:25:54.455101 7f74fa27aa00 RocksDB version: 5.10.0
2018/04/13-08:25:54.455124 7f74fa27aa00 Git sha rocksdb_build_git_sha:e62a7637520fe6185f4dd575743057c516c9fe69
2018/04/13-08:25:54.455126 7f74fa27aa00 Compile date Feb 20 2018
2018/04/13-08:25:54.455127 7f74fa27aa00 DB SUMMARY
2018/04/13-08:25:54.455137 7f74fa27aa00 SST files in /mnt/rocksdb dir, Total Num: 0, files: 
2018/04/13-08:25:54.455138 7f74fa27aa00 Write Ahead Log file in /mnt/rocksdb: 
2018/04/13-08:25:54.455140 7f74fa27aa00                         Options.error_if_exists: 0
2018/04/13-08:25:54.455141 7f74fa27aa00                       Options.create_if_missing: 1
2018/04/13-08:25:54.455142 7f74fa27aa00                         Options.paranoid_checks: 1
2018/04/13-08:25:54.455143 7f74fa27aa00                                     Options.env: 0xad9900
2018/04/13-08:25:54.455144 7f74fa27aa00                                Options.info_log: 0x2597b20
2018/04/13-08:25:54.455145 7f74fa27aa00                Options.max_file_opening_threads: 16
2018/04/13-08:25:54.455146 7f74fa27aa00                              Options.statistics: 0x2590460
2018/04/13-08:25:54.455147 7f74fa27aa00                               Options.use_fsync: 0
2018/04/13-08:25:54.455148 7f74fa27aa00                       Options.max_log_file_size: 0
2018/04/13-08:25:54.455149 7f74fa27aa00                  Options.max_manifest_file_size: 18446744073709551615
2018/04/13-08:25:54.455150 7f74fa27aa00                   Options.log_file_time_to_roll: 0
2018/04/13-08:25:54.455151 7f74fa27aa00                       Options.keep_log_file_num: 1000
2018/04/13-08:25:54.455152 7f74fa27aa00                    Options.recycle_log_file_num: 0
2018/04/13-08:25:54.455153 7f74fa27aa00                         Options.allow_fallocate: 1
2018/04/13-08:25:54.455154 7f74fa27aa00                        Options.allow_mmap_reads: 0
2018/04/13-08:25:54.455155 7f74fa27aa00                       Options.allow_mmap_writes: 0
2018/04/13-08:25:54.455156 7f74fa27aa00                        Options.use_direct_reads: 0
2018/04/13-08:25:54.455157 7f74fa27aa00                        Options.use_direct_io_for_flush_and_compaction: 0
2018/04/13-08:25:54.455158 7f74fa27aa00          Options.create_missing_column_families: 0
2018/04/13-08:25:54.455159 7f74fa27aa00                              Options.db_log_dir: 
2018/04/13-08:25:54.455160 7f74fa27aa00                                 Options.wal_dir: /mnt/rocksdb
2018/04/13-08:25:54.455161 7f74fa27aa00                Options.table_cache_numshardbits: 4
2018/04/13-08:25:54.455162 7f74fa27aa00                      Options.max_subcompactions: 1
2018/04/13-08:25:54.455163 7f74fa27aa00                  Options.max_background_flushes: -1
2018/04/13-08:25:54.455164 7f74fa27aa00                         Options.WAL_ttl_seconds: 0
2018/04/13-08:25:54.455165 7f74fa27aa00                       Options.WAL_size_limit_MB: 0
2018/04/13-08:25:54.455166 7f74fa27aa00             Options.manifest_preallocation_size: 4194304
2018/04/13-08:25:54.455167 7f74fa27aa00                     Options.is_fd_close_on_exec: 1
2018/04/13-08:25:54.455168 7f74fa27aa00                   Options.advise_random_on_open: 1
2018/04/13-08:25:54.455169 7f74fa27aa00                    Options.db_write_buffer_size: 0
2018/04/13-08:25:54.455170 7f74fa27aa00                    Options.write_buffer_manager: 0x25910f0
2018/04/13-08:25:54.455170 7f74fa27aa00         Options.access_hint_on_compaction_start: 1
2018/04/13-08:25:54.455171 7f74fa27aa00  Options.new_table_reader_for_compaction_inputs: 1
2018/04/13-08:25:54.455172 7f74fa27aa00           Options.random_access_max_buffer_size: 1048576
2018/04/13-08:25:54.455173 7f74fa27aa00                      Options.use_adaptive_mutex: 0
2018/04/13-08:25:54.455174 7f74fa27aa00                            Options.rate_limiter: (nil)
2018/04/13-08:25:54.455175 7f74fa27aa00     Options.sst_file_manager.rate_bytes_per_sec: 0
2018/04/13-08:25:54.455176 7f74fa27aa00                       Options.wal_recovery_mode: 2
2018/04/13-08:25:54.455177 7f74fa27aa00                  Options.enable_thread_tracking: 0
2018/04/13-08:25:54.455178 7f74fa27aa00                  Options.enable_pipelined_write: 1
2018/04/13-08:25:54.455184 7f74fa27aa00         Options.allow_concurrent_memtable_write: 0
2018/04/13-08:25:54.455185 7f74fa27aa00      Options.enable_write_thread_adaptive_yield: 1
2018/04/13-08:25:54.455186 7f74fa27aa00             Options.write_thread_max_yield_usec: 100
2018/04/13-08:25:54.455187 7f74fa27aa00            Options.write_thread_slow_yield_usec: 3
2018/04/13-08:25:54.455188 7f74fa27aa00                               Options.row_cache: None
2018/04/13-08:25:54.455189 7f74fa27aa00                              Options.wal_filter: None
2018/04/13-08:25:54.455190 7f74fa27aa00             Options.avoid_flush_during_recovery: 0
2018/04/13-08:25:54.455190 7f74fa27aa00             Options.allow_ingest_behind: 0
2018/04/13-08:25:54.455191 7f74fa27aa00             Options.preserve_deletes: 0
2018/04/13-08:25:54.455192 7f74fa27aa00             Options.two_write_queues: 0
2018/04/13-08:25:54.455193 7f74fa27aa00             Options.manual_wal_flush: 0
2018/04/13-08:25:54.455194 7f74fa27aa00             Options.max_background_jobs: 2
2018/04/13-08:25:54.455195 7f74fa27aa00             Options.max_background_compactions: -1
2018/04/13-08:25:54.455196 7f74fa27aa00             Options.avoid_flush_during_shutdown: 0
2018/04/13-08:25:54.455197 7f74fa27aa00           Options.writable_file_max_buffer_size: 1048576
2018/04/13-08:25:54.455198 7f74fa27aa00             Options.delayed_write_rate : 8388608
2018/04/13-08:25:54.455199 7f74fa27aa00             Options.max_total_wal_size: 0
2018/04/13-08:25:54.455200 7f74fa27aa00             Options.delete_obsolete_files_period_micros: 21600000000
2018/04/13-08:25:54.455201 7f74fa27aa00                   Options.stats_dump_period_sec: 600
2018/04/13-08:25:54.455202 7f74fa27aa00                          Options.max_open_files: -1
2018/04/13-08:25:54.455203 7f74fa27aa00                          Options.bytes_per_sync: 0
2018/04/13-08:25:54.455204 7f74fa27aa00                      Options.wal_bytes_per_sync: 0
2018/04/13-08:25:54.455205 7f74fa27aa00       Options.compaction_readahead_size: 0
2018/04/13-08:25:54.455206 7f74fa27aa00 Compression algorithms supported:
2018/04/13-08:25:54.455207 7f74fa27aa00 	kZSTDNotFinalCompression supported: 1
2018/04/13-08:25:54.455209 7f74fa27aa00 	kZSTD supported: 0
2018/04/13-08:25:54.455210 7f74fa27aa00 	kXpressCompression supported: 0
2018/04/13-08:25:54.455211 7f74fa27aa00 	kLZ4HCCompression supported: 1
2018/04/13-08:25:54.455212 7f74fa27aa00 	kLZ4Compression supported: 1
2018/04/13-08:25:54.455213 7f74fa27aa00 	kBZip2Compression supported: 1
2018/04/13-08:25:54.455215 7f74fa27aa00 	kZlibCompression supported: 1
2018/04/13-08:25:54.455216 7f74fa27aa00 	kSnappyCompression supported: 1
2018/04/13-08:25:54.455223 7f74fa27aa00 Fast CRC32 supported: Supported on x86
2018/04/13-08:25:54.455246 7f74fa27aa00 [db/db_impl_open.cc:227] Creating manifest 1 
2018/04/13-08:25:54.484013 7f74fa27aa00 [db/version_set.cc:2834] Recovering from manifest file: MANIFEST-000001
2018/04/13-08:25:54.484054 7f74fa27aa00 [db/column_family.cc:430] --------------- Options for column family [default]:
2018/04/13-08:25:54.484056 7f74fa27aa00               Options.comparator: leveldb.BytewiseComparator
2018/04/13-08:25:54.484057 7f74fa27aa00           Options.merge_operator: None
2018/04/13-08:25:54.484059 7f74fa27aa00        Options.compaction_filter: None
2018/04/13-08:25:54.484060 7f74fa27aa00        Options.compaction_filter_factory: None
2018/04/13-08:25:54.484061 7f74fa27aa00         Options.memtable_factory: HashCuckooRepFactory
2018/04/13-08:25:54.484062 7f74fa27aa00            Options.table_factory: BlockBasedTable
2018/04/13-08:25:54.484082 7f74fa27aa00            table_factory options:   flush_block_policy_factory: FlushBlockBySizePolicyFactory (0x259aa10)
  cache_index_and_filter_blocks: 0
  cache_index_and_filter_blocks_with_high_priority: 0
  pin_l0_filter_and_index_blocks_in_cache: 0
  index_type: 0
  hash_index_allow_collision: 1
  checksum: 1
  no_block_cache: 0
  block_cache: 0x25884e0
  block_cache_name: LRUCache
  block_cache_options:
    capacity : 8388608
    num_shard_bits : 6
    strict_capacity_limit : 0
    high_pri_pool_ratio: 0.000
  block_cache_compressed: (nil)
  persistent_cache: (nil)
  block_size: 4096
  block_size_deviation: 10
  block_restart_interval: 16
  index_block_restart_interval: 1
  metadata_block_size: 4096
  partition_filters: 0
  use_delta_encoding: 1
  filter_policy: nullptr
  whole_key_filtering: 1
  verify_compression: 0
  read_amp_bytes_per_bit: 0
  format_version: 2
  enable_index_compression: 1
2018/04/13-08:25:54.484094 7f74fa27aa00        Options.write_buffer_size: 17179869184
2018/04/13-08:25:54.484095 7f74fa27aa00  Options.max_write_buffer_number: 2
2018/04/13-08:25:54.484096 7f74fa27aa00          Options.compression: Snappy
2018/04/13-08:25:54.484097 7f74fa27aa00                  Options.bottommost_compression: Disabled
2018/04/13-08:25:54.484099 7f74fa27aa00       Options.prefix_extractor: rocksdb.FixedPrefix.8
2018/04/13-08:25:54.484100 7f74fa27aa00   Options.memtable_insert_with_hint_prefix_extractor: nullptr
2018/04/13-08:25:54.484101 7f74fa27aa00             Options.num_levels: 7
2018/04/13-08:25:54.484102 7f74fa27aa00        Options.min_write_buffer_number_to_merge: 1
2018/04/13-08:25:54.484103 7f74fa27aa00     Options.max_write_buffer_number_to_maintain: 0
2018/04/13-08:25:54.484104 7f74fa27aa00            Options.compression_opts.window_bits: -14
2018/04/13-08:25:54.484105 7f74fa27aa00                  Options.compression_opts.level: -1
2018/04/13-08:25:54.484106 7f74fa27aa00               Options.compression_opts.strategy: 0
2018/04/13-08:25:54.484107 7f74fa27aa00         Options.compression_opts.max_dict_bytes: 0
2018/04/13-08:25:54.484108 7f74fa27aa00      Options.level0_file_num_compaction_trigger: 4
2018/04/13-08:25:54.484109 7f74fa27aa00          Options.level0_slowdown_writes_trigger: 20
2018/04/13-08:25:54.484110 7f74fa27aa00              Options.level0_stop_writes_trigger: 36
2018/04/13-08:25:54.484111 7f74fa27aa00                   Options.target_file_size_base: 67108864
2018/04/13-08:25:54.484112 7f74fa27aa00             Options.target_file_size_multiplier: 1
2018/04/13-08:25:54.484112 7f74fa27aa00                Options.max_bytes_for_level_base: 268435456
2018/04/13-08:25:54.484113 7f74fa27aa00 Options.level_compaction_dynamic_level_bytes: 0
2018/04/13-08:25:54.484114 7f74fa27aa00          Options.max_bytes_for_level_multiplier: 10.000000
2018/04/13-08:25:54.484116 7f74fa27aa00 Options.max_bytes_for_level_multiplier_addtl[0]: 1
2018/04/13-08:25:54.484117 7f74fa27aa00 Options.max_bytes_for_level_multiplier_addtl[1]: 1
2018/04/13-08:25:54.484118 7f74fa27aa00 Options.max_bytes_for_level_multiplier_addtl[2]: 1
2018/04/13-08:25:54.484119 7f74fa27aa00 Options.max_bytes_for_level_multiplier_addtl[3]: 1
2018/04/13-08:25:54.484120 7f74fa27aa00 Options.max_bytes_for_level_multiplier_addtl[4]: 1
2018/04/13-08:25:54.484121 7f74fa27aa00 Options.max_bytes_for_level_multiplier_addtl[5]: 1
2018/04/13-08:25:54.484122 7f74fa27aa00 Options.max_bytes_for_level_multiplier_addtl[6]: 1
2018/04/13-08:25:54.484123 7f74fa27aa00       Options.max_sequential_skip_in_iterations: 8
2018/04/13-08:25:54.484124 7f74fa27aa00                    Options.max_compaction_bytes: 1677721600
2018/04/13-08:25:54.484125 7f74fa27aa00                        Options.arena_block_size: 2147483648
2018/04/13-08:25:54.484126 7f74fa27aa00   Options.soft_pending_compaction_bytes_limit: 68719476736
2018/04/13-08:25:54.484127 7f74fa27aa00   Options.hard_pending_compaction_bytes_limit: 137438953472
2018/04/13-08:25:54.484128 7f74fa27aa00       Options.rate_limit_delay_max_milliseconds: 1000
2018/04/13-08:25:54.484129 7f74fa27aa00                Options.disable_auto_compactions: 0
2018/04/13-08:25:54.484131 7f74fa27aa00                        Options.compaction_style: kCompactionStyleLevel
2018/04/13-08:25:54.484132 7f74fa27aa00                          Options.compaction_pri: kByCompensatedSize
2018/04/13-08:25:54.484133 7f74fa27aa00 Options.compaction_options_universal.size_ratio: 1
2018/04/13-08:25:54.484134 7f74fa27aa00 Options.compaction_options_universal.min_merge_width: 2
2018/04/13-08:25:54.484139 7f74fa27aa00 Options.compaction_options_universal.max_merge_width: 4294967295
2018/04/13-08:25:54.484140 7f74fa27aa00 Options.compaction_options_universal.max_size_amplification_percent: 200
2018/04/13-08:25:54.484141 7f74fa27aa00 Options.compaction_options_universal.compression_size_percent: -1
2018/04/13-08:25:54.484143 7f74fa27aa00 Options.compaction_options_universal.stop_style: kCompactionStopStyleTotalSize
2018/04/13-08:25:54.484144 7f74fa27aa00 Options.compaction_options_fifo.max_table_files_size: 0
2018/04/13-08:25:54.484145 7f74fa27aa00 Options.compaction_options_fifo.allow_compaction: 1
2018/04/13-08:25:54.484146 7f74fa27aa00 Options.compaction_options_fifo.ttl: 0
2018/04/13-08:25:54.484147 7f74fa27aa00                   Options.table_properties_collectors: 
2018/04/13-08:25:54.484148 7f74fa27aa00                   Options.inplace_update_support: 0
2018/04/13-08:25:54.484149 7f74fa27aa00                 Options.inplace_update_num_locks: 10000
2018/04/13-08:25:54.484150 7f74fa27aa00               Options.memtable_prefix_bloom_size_ratio: 0.000000
2018/04/13-08:25:54.484152 7f74fa27aa00   Options.memtable_huge_page_size: 0
2018/04/13-08:25:54.484153 7f74fa27aa00                           Options.bloom_locality: 0
2018/04/13-08:25:54.484153 7f74fa27aa00                    Options.max_successive_merges: 0
2018/04/13-08:25:54.484154 7f74fa27aa00                Options.optimize_filters_for_hits: 0
2018/04/13-08:25:54.484155 7f74fa27aa00                Options.paranoid_file_checks: 0
2018/04/13-08:25:54.484156 7f74fa27aa00                Options.force_consistency_checks: 0
2018/04/13-08:25:54.484157 7f74fa27aa00                Options.report_bg_io_stats: 0
2018/04/13-08:25:54.947530 7f74fa27aa00 [db/version_set.cc:3100] Recovered from manifest file:/mnt/rocksdb/MANIFEST-000001 succeeded,manifest_file_number is 1, next_file_number is 3, last_sequence is 0, log_number is 0,prev_log_number is 0,max_column_family is 0
2018/04/13-08:25:54.947543 7f74fa27aa00 [db/version_set.cc:3108] Column family [default] (ID 0), log number is 0
2018/04/13-08:25:54.953342 7f74fa27aa00 [db/db_impl_open.cc:1165] DB pointer 0x2596dd0
2018/04/13-08:25:56.810394 7f74fa27aa00 [db/db_impl.cc:252] Shutdown: canceling all background work
2018/04/13-08:25:56.814916 7f74fa27aa00 [db/db_impl.cc:383] Shutdown complete
