2018/04/13-08:30:49.054749 7f14ce3f2a00 RocksDB version: 5.10.0
2018/04/13-08:30:49.054771 7f14ce3f2a00 Git sha rocksdb_build_git_sha:e62a7637520fe6185f4dd575743057c516c9fe69
2018/04/13-08:30:49.054773 7f14ce3f2a00 Compile date Feb 20 2018
2018/04/13-08:30:49.054774 7f14ce3f2a00 DB SUMMARY
2018/04/13-08:30:49.054784 7f14ce3f2a00 SST files in /mnt/rocksdb dir, Total Num: 0, files: 
2018/04/13-08:30:49.054786 7f14ce3f2a00 Write Ahead Log file in /mnt/rocksdb: 
2018/04/13-08:30:49.054787 7f14ce3f2a00                         Options.error_if_exists: 0
2018/04/13-08:30:49.054789 7f14ce3f2a00                       Options.create_if_missing: 1
2018/04/13-08:30:49.054790 7f14ce3f2a00                         Options.paranoid_checks: 1
2018/04/13-08:30:49.054791 7f14ce3f2a00                                     Options.env: 0xad9900
2018/04/13-08:30:49.054792 7f14ce3f2a00                                Options.info_log: 0xec3b20
2018/04/13-08:30:49.054793 7f14ce3f2a00                Options.max_file_opening_threads: 16
2018/04/13-08:30:49.054794 7f14ce3f2a00                              Options.statistics: 0xebc460
2018/04/13-08:30:49.054795 7f14ce3f2a00                               Options.use_fsync: 0
2018/04/13-08:30:49.054796 7f14ce3f2a00                       Options.max_log_file_size: 0
2018/04/13-08:30:49.054797 7f14ce3f2a00                  Options.max_manifest_file_size: 18446744073709551615
2018/04/13-08:30:49.054798 7f14ce3f2a00                   Options.log_file_time_to_roll: 0
2018/04/13-08:30:49.054799 7f14ce3f2a00                       Options.keep_log_file_num: 1000
2018/04/13-08:30:49.054800 7f14ce3f2a00                    Options.recycle_log_file_num: 0
2018/04/13-08:30:49.054801 7f14ce3f2a00                         Options.allow_fallocate: 1
2018/04/13-08:30:49.054802 7f14ce3f2a00                        Options.allow_mmap_reads: 0
2018/04/13-08:30:49.054803 7f14ce3f2a00                       Options.allow_mmap_writes: 0
2018/04/13-08:30:49.054804 7f14ce3f2a00                        Options.use_direct_reads: 0
2018/04/13-08:30:49.054804 7f14ce3f2a00                        Options.use_direct_io_for_flush_and_compaction: 0
2018/04/13-08:30:49.054805 7f14ce3f2a00          Options.create_missing_column_families: 0
2018/04/13-08:30:49.054806 7f14ce3f2a00                              Options.db_log_dir: 
2018/04/13-08:30:49.054807 7f14ce3f2a00                                 Options.wal_dir: /mnt/rocksdb
2018/04/13-08:30:49.054808 7f14ce3f2a00                Options.table_cache_numshardbits: 4
2018/04/13-08:30:49.054809 7f14ce3f2a00                      Options.max_subcompactions: 1
2018/04/13-08:30:49.054810 7f14ce3f2a00                  Options.max_background_flushes: -1
2018/04/13-08:30:49.054811 7f14ce3f2a00                         Options.WAL_ttl_seconds: 0
2018/04/13-08:30:49.054812 7f14ce3f2a00                       Options.WAL_size_limit_MB: 0
2018/04/13-08:30:49.054813 7f14ce3f2a00             Options.manifest_preallocation_size: 4194304
2018/04/13-08:30:49.054814 7f14ce3f2a00                     Options.is_fd_close_on_exec: 1
2018/04/13-08:30:49.054815 7f14ce3f2a00                   Options.advise_random_on_open: 1
2018/04/13-08:30:49.054816 7f14ce3f2a00                    Options.db_write_buffer_size: 0
2018/04/13-08:30:49.054817 7f14ce3f2a00                    Options.write_buffer_manager: 0xebd0f0
2018/04/13-08:30:49.054818 7f14ce3f2a00         Options.access_hint_on_compaction_start: 1
2018/04/13-08:30:49.054819 7f14ce3f2a00  Options.new_table_reader_for_compaction_inputs: 1
2018/04/13-08:30:49.054820 7f14ce3f2a00           Options.random_access_max_buffer_size: 1048576
2018/04/13-08:30:49.054821 7f14ce3f2a00                      Options.use_adaptive_mutex: 0
2018/04/13-08:30:49.054822 7f14ce3f2a00                            Options.rate_limiter: (nil)
2018/04/13-08:30:49.054823 7f14ce3f2a00     Options.sst_file_manager.rate_bytes_per_sec: 0
2018/04/13-08:30:49.054824 7f14ce3f2a00                       Options.wal_recovery_mode: 2
2018/04/13-08:30:49.054825 7f14ce3f2a00                  Options.enable_thread_tracking: 0
2018/04/13-08:30:49.054826 7f14ce3f2a00                  Options.enable_pipelined_write: 1
2018/04/13-08:30:49.054832 7f14ce3f2a00         Options.allow_concurrent_memtable_write: 0
2018/04/13-08:30:49.054833 7f14ce3f2a00      Options.enable_write_thread_adaptive_yield: 1
2018/04/13-08:30:49.054834 7f14ce3f2a00             Options.write_thread_max_yield_usec: 100
2018/04/13-08:30:49.054835 7f14ce3f2a00            Options.write_thread_slow_yield_usec: 3
2018/04/13-08:30:49.054836 7f14ce3f2a00                               Options.row_cache: None
2018/04/13-08:30:49.054837 7f14ce3f2a00                              Options.wal_filter: None
2018/04/13-08:30:49.054838 7f14ce3f2a00             Options.avoid_flush_during_recovery: 0
2018/04/13-08:30:49.054839 7f14ce3f2a00             Options.allow_ingest_behind: 0
2018/04/13-08:30:49.054840 7f14ce3f2a00             Options.preserve_deletes: 0
2018/04/13-08:30:49.054840 7f14ce3f2a00             Options.two_write_queues: 0
2018/04/13-08:30:49.054841 7f14ce3f2a00             Options.manual_wal_flush: 0
2018/04/13-08:30:49.054842 7f14ce3f2a00             Options.max_background_jobs: 2
2018/04/13-08:30:49.054843 7f14ce3f2a00             Options.max_background_compactions: -1
2018/04/13-08:30:49.054844 7f14ce3f2a00             Options.avoid_flush_during_shutdown: 0
2018/04/13-08:30:49.054845 7f14ce3f2a00           Options.writable_file_max_buffer_size: 1048576
2018/04/13-08:30:49.054846 7f14ce3f2a00             Options.delayed_write_rate : 8388608
2018/04/13-08:30:49.054847 7f14ce3f2a00             Options.max_total_wal_size: 0
2018/04/13-08:30:49.054848 7f14ce3f2a00             Options.delete_obsolete_files_period_micros: 21600000000
2018/04/13-08:30:49.054849 7f14ce3f2a00                   Options.stats_dump_period_sec: 600
2018/04/13-08:30:49.054850 7f14ce3f2a00                          Options.max_open_files: -1
2018/04/13-08:30:49.054851 7f14ce3f2a00                          Options.bytes_per_sync: 0
2018/04/13-08:30:49.054852 7f14ce3f2a00                      Options.wal_bytes_per_sync: 0
2018/04/13-08:30:49.054853 7f14ce3f2a00       Options.compaction_readahead_size: 0
2018/04/13-08:30:49.054854 7f14ce3f2a00 Compression algorithms supported:
2018/04/13-08:30:49.054855 7f14ce3f2a00 	kZSTDNotFinalCompression supported: 1
2018/04/13-08:30:49.054857 7f14ce3f2a00 	kZSTD supported: 0
2018/04/13-08:30:49.054858 7f14ce3f2a00 	kXpressCompression supported: 0
2018/04/13-08:30:49.054859 7f14ce3f2a00 	kLZ4HCCompression supported: 1
2018/04/13-08:30:49.054860 7f14ce3f2a00 	kLZ4Compression supported: 1
2018/04/13-08:30:49.054861 7f14ce3f2a00 	kBZip2Compression supported: 1
2018/04/13-08:30:49.054863 7f14ce3f2a00 	kZlibCompression supported: 1
2018/04/13-08:30:49.054864 7f14ce3f2a00 	kSnappyCompression supported: 1
2018/04/13-08:30:49.054871 7f14ce3f2a00 Fast CRC32 supported: Supported on x86
2018/04/13-08:30:49.054893 7f14ce3f2a00 [db/db_impl_open.cc:227] Creating manifest 1 
2018/04/13-08:30:49.086452 7f14ce3f2a00 [db/version_set.cc:2834] Recovering from manifest file: MANIFEST-000001
2018/04/13-08:30:49.086493 7f14ce3f2a00 [db/column_family.cc:430] --------------- Options for column family [default]:
2018/04/13-08:30:49.086495 7f14ce3f2a00               Options.comparator: leveldb.BytewiseComparator
2018/04/13-08:30:49.086496 7f14ce3f2a00           Options.merge_operator: None
2018/04/13-08:30:49.086497 7f14ce3f2a00        Options.compaction_filter: None
2018/04/13-08:30:49.086498 7f14ce3f2a00        Options.compaction_filter_factory: None
2018/04/13-08:30:49.086500 7f14ce3f2a00         Options.memtable_factory: HashCuckooRepFactory
2018/04/13-08:30:49.086501 7f14ce3f2a00            Options.table_factory: BlockBasedTable
2018/04/13-08:30:49.086520 7f14ce3f2a00            table_factory options:   flush_block_policy_factory: FlushBlockBySizePolicyFactory (0xec6a10)
  cache_index_and_filter_blocks: 0
  cache_index_and_filter_blocks_with_high_priority: 0
  pin_l0_filter_and_index_blocks_in_cache: 0
  index_type: 0
  hash_index_allow_collision: 1
  checksum: 1
  no_block_cache: 0
  block_cache: 0xeb44e0
  block_cache_name: LRUCache
  block_cache_options:
    capacity : 8388608
    num_shard_bits : 6
    strict_capacity_limit : 0
    high_pri_pool_ratio: 0.000
  block_cache_compressed: (nil)
  persistent_cache: (nil)
  block_size: 4096
  block_size_deviation: 10
  block_restart_interval: 16
  index_block_restart_interval: 1
  metadata_block_size: 4096
  partition_filters: 0
  use_delta_encoding: 1
  filter_policy: nullptr
  whole_key_filtering: 1
  verify_compression: 0
  read_amp_bytes_per_bit: 0
  format_version: 2
  enable_index_compression: 1
2018/04/13-08:30:49.086532 7f14ce3f2a00        Options.write_buffer_size: 17179869184
2018/04/13-08:30:49.086534 7f14ce3f2a00  Options.max_write_buffer_number: 2
2018/04/13-08:30:49.086535 7f14ce3f2a00          Options.compression: Snappy
2018/04/13-08:30:49.086536 7f14ce3f2a00                  Options.bottommost_compression: Disabled
2018/04/13-08:30:49.086538 7f14ce3f2a00       Options.prefix_extractor: rocksdb.FixedPrefix.8
2018/04/13-08:30:49.086539 7f14ce3f2a00   Options.memtable_insert_with_hint_prefix_extractor: nullptr
2018/04/13-08:30:49.086540 7f14ce3f2a00             Options.num_levels: 7
2018/04/13-08:30:49.086541 7f14ce3f2a00        Options.min_write_buffer_number_to_merge: 1
2018/04/13-08:30:49.086542 7f14ce3f2a00     Options.max_write_buffer_number_to_maintain: 0
2018/04/13-08:30:49.086543 7f14ce3f2a00            Options.compression_opts.window_bits: -14
2018/04/13-08:30:49.086544 7f14ce3f2a00                  Options.compression_opts.level: -1
2018/04/13-08:30:49.086545 7f14ce3f2a00               Options.compression_opts.strategy: 0
2018/04/13-08:30:49.086546 7f14ce3f2a00         Options.compression_opts.max_dict_bytes: 0
2018/04/13-08:30:49.086547 7f14ce3f2a00      Options.level0_file_num_compaction_trigger: 4
2018/04/13-08:30:49.086547 7f14ce3f2a00          Options.level0_slowdown_writes_trigger: 20
2018/04/13-08:30:49.086548 7f14ce3f2a00              Options.level0_stop_writes_trigger: 36
2018/04/13-08:30:49.086549 7f14ce3f2a00                   Options.target_file_size_base: 67108864
2018/04/13-08:30:49.086550 7f14ce3f2a00             Options.target_file_size_multiplier: 1
2018/04/13-08:30:49.086551 7f14ce3f2a00                Options.max_bytes_for_level_base: 268435456
2018/04/13-08:30:49.086552 7f14ce3f2a00 Options.level_compaction_dynamic_level_bytes: 0
2018/04/13-08:30:49.086553 7f14ce3f2a00          Options.max_bytes_for_level_multiplier: 10.000000
2018/04/13-08:30:49.086555 7f14ce3f2a00 Options.max_bytes_for_level_multiplier_addtl[0]: 1
2018/04/13-08:30:49.086556 7f14ce3f2a00 Options.max_bytes_for_level_multiplier_addtl[1]: 1
2018/04/13-08:30:49.086557 7f14ce3f2a00 Options.max_bytes_for_level_multiplier_addtl[2]: 1
2018/04/13-08:30:49.086558 7f14ce3f2a00 Options.max_bytes_for_level_multiplier_addtl[3]: 1
2018/04/13-08:30:49.086559 7f14ce3f2a00 Options.max_bytes_for_level_multiplier_addtl[4]: 1
2018/04/13-08:30:49.086560 7f14ce3f2a00 Options.max_bytes_for_level_multiplier_addtl[5]: 1
2018/04/13-08:30:49.086561 7f14ce3f2a00 Options.max_bytes_for_level_multiplier_addtl[6]: 1
2018/04/13-08:30:49.086562 7f14ce3f2a00       Options.max_sequential_skip_in_iterations: 8
2018/04/13-08:30:49.086563 7f14ce3f2a00                    Options.max_compaction_bytes: 1677721600
2018/04/13-08:30:49.086564 7f14ce3f2a00                        Options.arena_block_size: 2147483648
2018/04/13-08:30:49.086565 7f14ce3f2a00   Options.soft_pending_compaction_bytes_limit: 68719476736
2018/04/13-08:30:49.086566 7f14ce3f2a00   Options.hard_pending_compaction_bytes_limit: 137438953472
2018/04/13-08:30:49.086567 7f14ce3f2a00       Options.rate_limit_delay_max_milliseconds: 1000
2018/04/13-08:30:49.086568 7f14ce3f2a00                Options.disable_auto_compactions: 0
2018/04/13-08:30:49.086570 7f14ce3f2a00                        Options.compaction_style: kCompactionStyleLevel
2018/04/13-08:30:49.086571 7f14ce3f2a00                          Options.compaction_pri: kByCompensatedSize
2018/04/13-08:30:49.086572 7f14ce3f2a00 Options.compaction_options_universal.size_ratio: 1
2018/04/13-08:30:49.086573 7f14ce3f2a00 Options.compaction_options_universal.min_merge_width: 2
2018/04/13-08:30:49.086578 7f14ce3f2a00 Options.compaction_options_universal.max_merge_width: 4294967295
2018/04/13-08:30:49.086580 7f14ce3f2a00 Options.compaction_options_universal.max_size_amplification_percent: 200
2018/04/13-08:30:49.086581 7f14ce3f2a00 Options.compaction_options_universal.compression_size_percent: -1
2018/04/13-08:30:49.086582 7f14ce3f2a00 Options.compaction_options_universal.stop_style: kCompactionStopStyleTotalSize
2018/04/13-08:30:49.086583 7f14ce3f2a00 Options.compaction_options_fifo.max_table_files_size: 0
2018/04/13-08:30:49.086584 7f14ce3f2a00 Options.compaction_options_fifo.allow_compaction: 1
2018/04/13-08:30:49.086585 7f14ce3f2a00 Options.compaction_options_fifo.ttl: 0
2018/04/13-08:30:49.086586 7f14ce3f2a00                   Options.table_properties_collectors: 
2018/04/13-08:30:49.086587 7f14ce3f2a00                   Options.inplace_update_support: 0
2018/04/13-08:30:49.086588 7f14ce3f2a00                 Options.inplace_update_num_locks: 10000
2018/04/13-08:30:49.086590 7f14ce3f2a00               Options.memtable_prefix_bloom_size_ratio: 0.000000
2018/04/13-08:30:49.086591 7f14ce3f2a00   Options.memtable_huge_page_size: 0
2018/04/13-08:30:49.086592 7f14ce3f2a00                           Options.bloom_locality: 0
2018/04/13-08:30:49.086593 7f14ce3f2a00                    Options.max_successive_merges: 0
2018/04/13-08:30:49.086594 7f14ce3f2a00                Options.optimize_filters_for_hits: 0
2018/04/13-08:30:49.086595 7f14ce3f2a00                Options.paranoid_file_checks: 0
2018/04/13-08:30:49.086596 7f14ce3f2a00                Options.force_consistency_checks: 0
2018/04/13-08:30:49.086597 7f14ce3f2a00                Options.report_bg_io_stats: 0
2018/04/13-08:30:49.548981 7f14ce3f2a00 [db/version_set.cc:3100] Recovered from manifest file:/mnt/rocksdb/MANIFEST-000001 succeeded,manifest_file_number is 1, next_file_number is 3, last_sequence is 0, log_number is 0,prev_log_number is 0,max_column_family is 0
2018/04/13-08:30:49.548994 7f14ce3f2a00 [db/version_set.cc:3108] Column family [default] (ID 0), log number is 0
2018/04/13-08:30:49.555433 7f14ce3f2a00 [db/db_impl_open.cc:1165] DB pointer 0xec2dd0
2018/04/13-08:30:50.062519 7f14ce3f2a00 [db/db_impl.cc:252] Shutdown: canceling all background work
2018/04/13-08:30:50.067043 7f14ce3f2a00 [db/db_impl.cc:383] Shutdown complete
