2018/04/13-08:30:45.628878 7f8408ea8a00 RocksDB version: 5.10.0
2018/04/13-08:30:45.628900 7f8408ea8a00 Git sha rocksdb_build_git_sha:e62a7637520fe6185f4dd575743057c516c9fe69
2018/04/13-08:30:45.628902 7f8408ea8a00 Compile date Feb 20 2018
2018/04/13-08:30:45.628903 7f8408ea8a00 DB SUMMARY
2018/04/13-08:30:45.628912 7f8408ea8a00 SST files in /mnt/rocksdb dir, Total Num: 0, files: 
2018/04/13-08:30:45.628914 7f8408ea8a00 Write Ahead Log file in /mnt/rocksdb: 
2018/04/13-08:30:45.628916 7f8408ea8a00                         Options.error_if_exists: 0
2018/04/13-08:30:45.628917 7f8408ea8a00                       Options.create_if_missing: 1
2018/04/13-08:30:45.628918 7f8408ea8a00                         Options.paranoid_checks: 1
2018/04/13-08:30:45.628919 7f8408ea8a00                                     Options.env: 0xad9900
2018/04/13-08:30:45.628920 7f8408ea8a00                                Options.info_log: 0x29e9f80
2018/04/13-08:30:45.628921 7f8408ea8a00                Options.max_file_opening_threads: 16
2018/04/13-08:30:45.628922 7f8408ea8a00                              Options.statistics: 0x29d2460
2018/04/13-08:30:45.628923 7f8408ea8a00                               Options.use_fsync: 0
2018/04/13-08:30:45.628924 7f8408ea8a00                       Options.max_log_file_size: 0
2018/04/13-08:30:45.628925 7f8408ea8a00                  Options.max_manifest_file_size: 18446744073709551615
2018/04/13-08:30:45.628926 7f8408ea8a00                   Options.log_file_time_to_roll: 0
2018/04/13-08:30:45.628927 7f8408ea8a00                       Options.keep_log_file_num: 1000
2018/04/13-08:30:45.628928 7f8408ea8a00                    Options.recycle_log_file_num: 0
2018/04/13-08:30:45.628929 7f8408ea8a00                         Options.allow_fallocate: 1
2018/04/13-08:30:45.628930 7f8408ea8a00                        Options.allow_mmap_reads: 0
2018/04/13-08:30:45.628931 7f8408ea8a00                       Options.allow_mmap_writes: 0
2018/04/13-08:30:45.628932 7f8408ea8a00                        Options.use_direct_reads: 0
2018/04/13-08:30:45.628933 7f8408ea8a00                        Options.use_direct_io_for_flush_and_compaction: 0
2018/04/13-08:30:45.628934 7f8408ea8a00          Options.create_missing_column_families: 0
2018/04/13-08:30:45.628935 7f8408ea8a00                              Options.db_log_dir: 
2018/04/13-08:30:45.628936 7f8408ea8a00                                 Options.wal_dir: /mnt/rocksdb
2018/04/13-08:30:45.628937 7f8408ea8a00                Options.table_cache_numshardbits: 4
2018/04/13-08:30:45.628938 7f8408ea8a00                      Options.max_subcompactions: 1
2018/04/13-08:30:45.628938 7f8408ea8a00                  Options.max_background_flushes: -1
2018/04/13-08:30:45.628939 7f8408ea8a00                         Options.WAL_ttl_seconds: 0
2018/04/13-08:30:45.628940 7f8408ea8a00                       Options.WAL_size_limit_MB: 0
2018/04/13-08:30:45.628941 7f8408ea8a00             Options.manifest_preallocation_size: 4194304
2018/04/13-08:30:45.628942 7f8408ea8a00                     Options.is_fd_close_on_exec: 1
2018/04/13-08:30:45.628943 7f8408ea8a00                   Options.advise_random_on_open: 1
2018/04/13-08:30:45.628944 7f8408ea8a00                    Options.db_write_buffer_size: 0
2018/04/13-08:30:45.628945 7f8408ea8a00                    Options.write_buffer_manager: 0x29d2cb0
2018/04/13-08:30:45.628946 7f8408ea8a00         Options.access_hint_on_compaction_start: 1
2018/04/13-08:30:45.628947 7f8408ea8a00  Options.new_table_reader_for_compaction_inputs: 1
2018/04/13-08:30:45.628948 7f8408ea8a00           Options.random_access_max_buffer_size: 1048576
2018/04/13-08:30:45.628949 7f8408ea8a00                      Options.use_adaptive_mutex: 0
2018/04/13-08:30:45.628950 7f8408ea8a00                            Options.rate_limiter: (nil)
2018/04/13-08:30:45.628951 7f8408ea8a00     Options.sst_file_manager.rate_bytes_per_sec: 0
2018/04/13-08:30:45.628952 7f8408ea8a00                       Options.wal_recovery_mode: 2
2018/04/13-08:30:45.628953 7f8408ea8a00                  Options.enable_thread_tracking: 0
2018/04/13-08:30:45.628954 7f8408ea8a00                  Options.enable_pipelined_write: 1
2018/04/13-08:30:45.628959 7f8408ea8a00         Options.allow_concurrent_memtable_write: 1
2018/04/13-08:30:45.628961 7f8408ea8a00      Options.enable_write_thread_adaptive_yield: 1
2018/04/13-08:30:45.628961 7f8408ea8a00             Options.write_thread_max_yield_usec: 100
2018/04/13-08:30:45.628962 7f8408ea8a00            Options.write_thread_slow_yield_usec: 3
2018/04/13-08:30:45.628963 7f8408ea8a00                               Options.row_cache: None
2018/04/13-08:30:45.628964 7f8408ea8a00                              Options.wal_filter: None
2018/04/13-08:30:45.628965 7f8408ea8a00             Options.avoid_flush_during_recovery: 0
2018/04/13-08:30:45.628966 7f8408ea8a00             Options.allow_ingest_behind: 0
2018/04/13-08:30:45.628967 7f8408ea8a00             Options.preserve_deletes: 0
2018/04/13-08:30:45.628968 7f8408ea8a00             Options.two_write_queues: 0
2018/04/13-08:30:45.628969 7f8408ea8a00             Options.manual_wal_flush: 0
2018/04/13-08:30:45.628970 7f8408ea8a00             Options.max_background_jobs: 2
2018/04/13-08:30:45.628971 7f8408ea8a00             Options.max_background_compactions: -1
2018/04/13-08:30:45.628972 7f8408ea8a00             Options.avoid_flush_during_shutdown: 0
2018/04/13-08:30:45.628973 7f8408ea8a00           Options.writable_file_max_buffer_size: 1048576
2018/04/13-08:30:45.628974 7f8408ea8a00             Options.delayed_write_rate : 8388608
2018/04/13-08:30:45.628975 7f8408ea8a00             Options.max_total_wal_size: 0
2018/04/13-08:30:45.628976 7f8408ea8a00             Options.delete_obsolete_files_period_micros: 21600000000
2018/04/13-08:30:45.628977 7f8408ea8a00                   Options.stats_dump_period_sec: 600
2018/04/13-08:30:45.628978 7f8408ea8a00                          Options.max_open_files: -1
2018/04/13-08:30:45.628979 7f8408ea8a00                          Options.bytes_per_sync: 0
2018/04/13-08:30:45.628980 7f8408ea8a00                      Options.wal_bytes_per_sync: 0
2018/04/13-08:30:45.628980 7f8408ea8a00       Options.compaction_readahead_size: 0
2018/04/13-08:30:45.628981 7f8408ea8a00 Compression algorithms supported:
2018/04/13-08:30:45.628983 7f8408ea8a00 	kZSTDNotFinalCompression supported: 1
2018/04/13-08:30:45.628985 7f8408ea8a00 	kZSTD supported: 0
2018/04/13-08:30:45.628986 7f8408ea8a00 	kXpressCompression supported: 0
2018/04/13-08:30:45.628987 7f8408ea8a00 	kLZ4HCCompression supported: 1
2018/04/13-08:30:45.628988 7f8408ea8a00 	kLZ4Compression supported: 1
2018/04/13-08:30:45.628989 7f8408ea8a00 	kBZip2Compression supported: 1
2018/04/13-08:30:45.628990 7f8408ea8a00 	kZlibCompression supported: 1
2018/04/13-08:30:45.628991 7f8408ea8a00 	kSnappyCompression supported: 1
2018/04/13-08:30:45.628996 7f8408ea8a00 Fast CRC32 supported: Supported on x86
2018/04/13-08:30:45.629019 7f8408ea8a00 [db/db_impl_open.cc:227] Creating manifest 1 
2018/04/13-08:30:45.658013 7f8408ea8a00 [db/version_set.cc:2834] Recovering from manifest file: MANIFEST-000001
2018/04/13-08:30:45.658053 7f8408ea8a00 [db/column_family.cc:430] --------------- Options for column family [default]:
2018/04/13-08:30:45.658055 7f8408ea8a00               Options.comparator: leveldb.BytewiseComparator
2018/04/13-08:30:45.658056 7f8408ea8a00           Options.merge_operator: None
2018/04/13-08:30:45.658058 7f8408ea8a00        Options.compaction_filter: None
2018/04/13-08:30:45.658059 7f8408ea8a00        Options.compaction_filter_factory: None
2018/04/13-08:30:45.658060 7f8408ea8a00         Options.memtable_factory: SkipListFactory
2018/04/13-08:30:45.658061 7f8408ea8a00            Options.table_factory: BlockBasedTable
2018/04/13-08:30:45.658081 7f8408ea8a00            table_factory options:   flush_block_policy_factory: FlushBlockBySizePolicyFactory (0x28d2750)
  cache_index_and_filter_blocks: 0
  cache_index_and_filter_blocks_with_high_priority: 0
  pin_l0_filter_and_index_blocks_in_cache: 0
  index_type: 0
  hash_index_allow_collision: 1
  checksum: 1
  no_block_cache: 0
  block_cache: 0x29ca4e0
  block_cache_name: LRUCache
  block_cache_options:
    capacity : 8388608
    num_shard_bits : 6
    strict_capacity_limit : 0
    high_pri_pool_ratio: 0.000
  block_cache_compressed: (nil)
  persistent_cache: (nil)
  block_size: 4096
  block_size_deviation: 10
  block_restart_interval: 16
  index_block_restart_interval: 1
  metadata_block_size: 4096
  partition_filters: 0
  use_delta_encoding: 1
  filter_policy: nullptr
  whole_key_filtering: 1
  verify_compression: 0
  read_amp_bytes_per_bit: 0
  format_version: 2
  enable_index_compression: 1
2018/04/13-08:30:45.658093 7f8408ea8a00        Options.write_buffer_size: 17179869184
2018/04/13-08:30:45.658094 7f8408ea8a00  Options.max_write_buffer_number: 2
2018/04/13-08:30:45.658095 7f8408ea8a00          Options.compression: Snappy
2018/04/13-08:30:45.658097 7f8408ea8a00                  Options.bottommost_compression: Disabled
2018/04/13-08:30:45.658098 7f8408ea8a00       Options.prefix_extractor: rocksdb.FixedPrefix.8
2018/04/13-08:30:45.658099 7f8408ea8a00   Options.memtable_insert_with_hint_prefix_extractor: nullptr
2018/04/13-08:30:45.658100 7f8408ea8a00             Options.num_levels: 7
2018/04/13-08:30:45.658101 7f8408ea8a00        Options.min_write_buffer_number_to_merge: 1
2018/04/13-08:30:45.658102 7f8408ea8a00     Options.max_write_buffer_number_to_maintain: 0
2018/04/13-08:30:45.658103 7f8408ea8a00            Options.compression_opts.window_bits: -14
2018/04/13-08:30:45.658104 7f8408ea8a00                  Options.compression_opts.level: -1
2018/04/13-08:30:45.658105 7f8408ea8a00               Options.compression_opts.strategy: 0
2018/04/13-08:30:45.658106 7f8408ea8a00         Options.compression_opts.max_dict_bytes: 0
2018/04/13-08:30:45.658107 7f8408ea8a00      Options.level0_file_num_compaction_trigger: 4
2018/04/13-08:30:45.658108 7f8408ea8a00          Options.level0_slowdown_writes_trigger: 20
2018/04/13-08:30:45.658109 7f8408ea8a00              Options.level0_stop_writes_trigger: 36
2018/04/13-08:30:45.658110 7f8408ea8a00                   Options.target_file_size_base: 67108864
2018/04/13-08:30:45.658111 7f8408ea8a00             Options.target_file_size_multiplier: 1
2018/04/13-08:30:45.658112 7f8408ea8a00                Options.max_bytes_for_level_base: 268435456
2018/04/13-08:30:45.658113 7f8408ea8a00 Options.level_compaction_dynamic_level_bytes: 0
2018/04/13-08:30:45.658114 7f8408ea8a00          Options.max_bytes_for_level_multiplier: 10.000000
2018/04/13-08:30:45.658116 7f8408ea8a00 Options.max_bytes_for_level_multiplier_addtl[0]: 1
2018/04/13-08:30:45.658117 7f8408ea8a00 Options.max_bytes_for_level_multiplier_addtl[1]: 1
2018/04/13-08:30:45.658118 7f8408ea8a00 Options.max_bytes_for_level_multiplier_addtl[2]: 1
2018/04/13-08:30:45.658119 7f8408ea8a00 Options.max_bytes_for_level_multiplier_addtl[3]: 1
2018/04/13-08:30:45.658120 7f8408ea8a00 Options.max_bytes_for_level_multiplier_addtl[4]: 1
2018/04/13-08:30:45.658121 7f8408ea8a00 Options.max_bytes_for_level_multiplier_addtl[5]: 1
2018/04/13-08:30:45.658122 7f8408ea8a00 Options.max_bytes_for_level_multiplier_addtl[6]: 1
2018/04/13-08:30:45.658123 7f8408ea8a00       Options.max_sequential_skip_in_iterations: 8
2018/04/13-08:30:45.658123 7f8408ea8a00                    Options.max_compaction_bytes: 1677721600
2018/04/13-08:30:45.658124 7f8408ea8a00                        Options.arena_block_size: 2147483648
2018/04/13-08:30:45.658125 7f8408ea8a00   Options.soft_pending_compaction_bytes_limit: 68719476736
2018/04/13-08:30:45.658127 7f8408ea8a00   Options.hard_pending_compaction_bytes_limit: 137438953472
2018/04/13-08:30:45.658128 7f8408ea8a00       Options.rate_limit_delay_max_milliseconds: 1000
2018/04/13-08:30:45.658129 7f8408ea8a00                Options.disable_auto_compactions: 0
2018/04/13-08:30:45.658130 7f8408ea8a00                        Options.compaction_style: kCompactionStyleLevel
2018/04/13-08:30:45.658132 7f8408ea8a00                          Options.compaction_pri: kByCompensatedSize
2018/04/13-08:30:45.658133 7f8408ea8a00 Options.compaction_options_universal.size_ratio: 1
2018/04/13-08:30:45.658134 7f8408ea8a00 Options.compaction_options_universal.min_merge_width: 2
2018/04/13-08:30:45.658138 7f8408ea8a00 Options.compaction_options_universal.max_merge_width: 4294967295
2018/04/13-08:30:45.658139 7f8408ea8a00 Options.compaction_options_universal.max_size_amplification_percent: 200
2018/04/13-08:30:45.658140 7f8408ea8a00 Options.compaction_options_universal.compression_size_percent: -1
2018/04/13-08:30:45.658142 7f8408ea8a00 Options.compaction_options_universal.stop_style: kCompactionStopStyleTotalSize
2018/04/13-08:30:45.658143 7f8408ea8a00 Options.compaction_options_fifo.max_table_files_size: 0
2018/04/13-08:30:45.658144 7f8408ea8a00 Options.compaction_options_fifo.allow_compaction: 1
2018/04/13-08:30:45.658145 7f8408ea8a00 Options.compaction_options_fifo.ttl: 0
2018/04/13-08:30:45.658146 7f8408ea8a00                   Options.table_properties_collectors: 
2018/04/13-08:30:45.658147 7f8408ea8a00                   Options.inplace_update_support: 0
2018/04/13-08:30:45.658148 7f8408ea8a00                 Options.inplace_update_num_locks: 10000
2018/04/13-08:30:45.658150 7f8408ea8a00               Options.memtable_prefix_bloom_size_ratio: 0.000000
2018/04/13-08:30:45.658151 7f8408ea8a00   Options.memtable_huge_page_size: 0
2018/04/13-08:30:45.658152 7f8408ea8a00                           Options.bloom_locality: 0
2018/04/13-08:30:45.658153 7f8408ea8a00                    Options.max_successive_merges: 0
2018/04/13-08:30:45.658154 7f8408ea8a00                Options.optimize_filters_for_hits: 0
2018/04/13-08:30:45.658155 7f8408ea8a00                Options.paranoid_file_checks: 0
2018/04/13-08:30:45.658156 7f8408ea8a00                Options.force_consistency_checks: 0
2018/04/13-08:30:45.658157 7f8408ea8a00                Options.report_bg_io_stats: 0
2018/04/13-08:30:45.660003 7f8408ea8a00 [db/version_set.cc:3100] Recovered from manifest file:/mnt/rocksdb/MANIFEST-000001 succeeded,manifest_file_number is 1, next_file_number is 3, last_sequence is 0, log_number is 0,prev_log_number is 0,max_column_family is 0
2018/04/13-08:30:45.660007 7f8408ea8a00 [db/version_set.cc:3108] Column family [default] (ID 0), log number is 0
2018/04/13-08:30:45.665790 7f8408ea8a00 [db/db_impl_open.cc:1165] DB pointer 0x29e1790
2018/04/13-08:30:47.740770 7f8408ea8a00 [db/db_impl.cc:252] Shutdown: canceling all background work
2018/04/13-08:30:47.742677 7f8408ea8a00 [db/db_impl.cc:383] Shutdown complete
