2018/04/13-07:28:47.902375 7fd0991fea00 RocksDB version: 5.10.0
2018/04/13-07:28:47.902397 7fd0991fea00 Git sha rocksdb_build_git_sha:e62a7637520fe6185f4dd575743057c516c9fe69
2018/04/13-07:28:47.902399 7fd0991fea00 Compile date Feb 20 2018
2018/04/13-07:28:47.902401 7fd0991fea00 DB SUMMARY
2018/04/13-07:28:47.902410 7fd0991fea00 SST files in /mnt/rocksdb dir, Total Num: 0, files: 
2018/04/13-07:28:47.902412 7fd0991fea00 Write Ahead Log file in /mnt/rocksdb: 
2018/04/13-07:28:47.902414 7fd0991fea00                         Options.error_if_exists: 0
2018/04/13-07:28:47.902415 7fd0991fea00                       Options.create_if_missing: 1
2018/04/13-07:28:47.902417 7fd0991fea00                         Options.paranoid_checks: 1
2018/04/13-07:28:47.902418 7fd0991fea00                                     Options.env: 0xad9900
2018/04/13-07:28:47.902419 7fd0991fea00                                Options.info_log: 0x2ab7670
2018/04/13-07:28:47.902420 7fd0991fea00                Options.max_file_opening_threads: 16
2018/04/13-07:28:47.902421 7fd0991fea00                              Options.statistics: 0x2aad460
2018/04/13-07:28:47.902422 7fd0991fea00                               Options.use_fsync: 0
2018/04/13-07:28:47.902423 7fd0991fea00                       Options.max_log_file_size: 0
2018/04/13-07:28:47.902424 7fd0991fea00                  Options.max_manifest_file_size: 18446744073709551615
2018/04/13-07:28:47.902425 7fd0991fea00                   Options.log_file_time_to_roll: 0
2018/04/13-07:28:47.902426 7fd0991fea00                       Options.keep_log_file_num: 1000
2018/04/13-07:28:47.902427 7fd0991fea00                    Options.recycle_log_file_num: 0
2018/04/13-07:28:47.902428 7fd0991fea00                         Options.allow_fallocate: 1
2018/04/13-07:28:47.902429 7fd0991fea00                        Options.allow_mmap_reads: 0
2018/04/13-07:28:47.902430 7fd0991fea00                       Options.allow_mmap_writes: 0
2018/04/13-07:28:47.902431 7fd0991fea00                        Options.use_direct_reads: 0
2018/04/13-07:28:47.902432 7fd0991fea00                        Options.use_direct_io_for_flush_and_compaction: 0
2018/04/13-07:28:47.902433 7fd0991fea00          Options.create_missing_column_families: 0
2018/04/13-07:28:47.902434 7fd0991fea00                              Options.db_log_dir: 
2018/04/13-07:28:47.902435 7fd0991fea00                                 Options.wal_dir: /mnt/rocksdb
2018/04/13-07:28:47.902436 7fd0991fea00                Options.table_cache_numshardbits: 4
2018/04/13-07:28:47.902437 7fd0991fea00                      Options.max_subcompactions: 1
2018/04/13-07:28:47.902438 7fd0991fea00                  Options.max_background_flushes: -1
2018/04/13-07:28:47.902439 7fd0991fea00                         Options.WAL_ttl_seconds: 0
2018/04/13-07:28:47.902439 7fd0991fea00                       Options.WAL_size_limit_MB: 0
2018/04/13-07:28:47.902440 7fd0991fea00             Options.manifest_preallocation_size: 4194304
2018/04/13-07:28:47.902441 7fd0991fea00                     Options.is_fd_close_on_exec: 1
2018/04/13-07:28:47.902442 7fd0991fea00                   Options.advise_random_on_open: 1
2018/04/13-07:28:47.902443 7fd0991fea00                    Options.db_write_buffer_size: 0
2018/04/13-07:28:47.902444 7fd0991fea00                    Options.write_buffer_manager: 0x2aa5550
2018/04/13-07:28:47.902445 7fd0991fea00         Options.access_hint_on_compaction_start: 1
2018/04/13-07:28:47.902446 7fd0991fea00  Options.new_table_reader_for_compaction_inputs: 1
2018/04/13-07:28:47.902447 7fd0991fea00           Options.random_access_max_buffer_size: 1048576
2018/04/13-07:28:47.902448 7fd0991fea00                      Options.use_adaptive_mutex: 0
2018/04/13-07:28:47.902449 7fd0991fea00                            Options.rate_limiter: (nil)
2018/04/13-07:28:47.902451 7fd0991fea00     Options.sst_file_manager.rate_bytes_per_sec: 0
2018/04/13-07:28:47.902452 7fd0991fea00                       Options.wal_recovery_mode: 2
2018/04/13-07:28:47.902453 7fd0991fea00                  Options.enable_thread_tracking: 0
2018/04/13-07:28:47.902453 7fd0991fea00                  Options.enable_pipelined_write: 1
2018/04/13-07:28:47.902459 7fd0991fea00         Options.allow_concurrent_memtable_write: 1
2018/04/13-07:28:47.902460 7fd0991fea00      Options.enable_write_thread_adaptive_yield: 1
2018/04/13-07:28:47.902461 7fd0991fea00             Options.write_thread_max_yield_usec: 100
2018/04/13-07:28:47.902462 7fd0991fea00            Options.write_thread_slow_yield_usec: 3
2018/04/13-07:28:47.902463 7fd0991fea00                               Options.row_cache: None
2018/04/13-07:28:47.902464 7fd0991fea00                              Options.wal_filter: None
2018/04/13-07:28:47.902465 7fd0991fea00             Options.avoid_flush_during_recovery: 0
2018/04/13-07:28:47.902466 7fd0991fea00             Options.allow_ingest_behind: 0
2018/04/13-07:28:47.902467 7fd0991fea00             Options.preserve_deletes: 0
2018/04/13-07:28:47.902468 7fd0991fea00             Options.two_write_queues: 0
2018/04/13-07:28:47.902469 7fd0991fea00             Options.manual_wal_flush: 0
2018/04/13-07:28:47.902470 7fd0991fea00             Options.max_background_jobs: 2
2018/04/13-07:28:47.902471 7fd0991fea00             Options.max_background_compactions: -1
2018/04/13-07:28:47.902472 7fd0991fea00             Options.avoid_flush_during_shutdown: 0
2018/04/13-07:28:47.902473 7fd0991fea00           Options.writable_file_max_buffer_size: 1048576
2018/04/13-07:28:47.902474 7fd0991fea00             Options.delayed_write_rate : 8388608
2018/04/13-07:28:47.902475 7fd0991fea00             Options.max_total_wal_size: 0
2018/04/13-07:28:47.902476 7fd0991fea00             Options.delete_obsolete_files_period_micros: 21600000000
2018/04/13-07:28:47.902477 7fd0991fea00                   Options.stats_dump_period_sec: 600
2018/04/13-07:28:47.902478 7fd0991fea00                          Options.max_open_files: -1
2018/04/13-07:28:47.902479 7fd0991fea00                          Options.bytes_per_sync: 0
2018/04/13-07:28:47.902480 7fd0991fea00                      Options.wal_bytes_per_sync: 0
2018/04/13-07:28:47.902480 7fd0991fea00       Options.compaction_readahead_size: 0
2018/04/13-07:28:47.902481 7fd0991fea00 Compression algorithms supported:
2018/04/13-07:28:47.902483 7fd0991fea00 	kZSTDNotFinalCompression supported: 1
2018/04/13-07:28:47.902484 7fd0991fea00 	kZSTD supported: 0
2018/04/13-07:28:47.902485 7fd0991fea00 	kXpressCompression supported: 0
2018/04/13-07:28:47.902487 7fd0991fea00 	kLZ4HCCompression supported: 1
2018/04/13-07:28:47.902488 7fd0991fea00 	kLZ4Compression supported: 1
2018/04/13-07:28:47.902489 7fd0991fea00 	kBZip2Compression supported: 1
2018/04/13-07:28:47.902490 7fd0991fea00 	kZlibCompression supported: 1
2018/04/13-07:28:47.902491 7fd0991fea00 	kSnappyCompression supported: 1
2018/04/13-07:28:47.902495 7fd0991fea00 Fast CRC32 supported: Supported on x86
2018/04/13-07:28:47.902519 7fd0991fea00 [db/db_impl_open.cc:227] Creating manifest 1 
2018/04/13-07:28:47.934155 7fd0991fea00 [db/version_set.cc:2834] Recovering from manifest file: MANIFEST-000001
2018/04/13-07:28:47.934196 7fd0991fea00 [db/column_family.cc:430] --------------- Options for column family [default]:
2018/04/13-07:28:47.934199 7fd0991fea00               Options.comparator: leveldb.BytewiseComparator
2018/04/13-07:28:47.934200 7fd0991fea00           Options.merge_operator: None
2018/04/13-07:28:47.934201 7fd0991fea00        Options.compaction_filter: None
2018/04/13-07:28:47.934202 7fd0991fea00        Options.compaction_filter_factory: None
2018/04/13-07:28:47.934204 7fd0991fea00         Options.memtable_factory: SkipListFactory
2018/04/13-07:28:47.934205 7fd0991fea00            Options.table_factory: BlockBasedTable
2018/04/13-07:28:47.934226 7fd0991fea00            table_factory options:   flush_block_policy_factory: FlushBlockBySizePolicyFactory (0x29ad750)
  cache_index_and_filter_blocks: 0
  cache_index_and_filter_blocks_with_high_priority: 0
  pin_l0_filter_and_index_blocks_in_cache: 0
  index_type: 0
  hash_index_allow_collision: 1
  checksum: 1
  no_block_cache: 0
  block_cache: 0x2aa54e0
  block_cache_name: LRUCache
  block_cache_options:
    capacity : 8388608
    num_shard_bits : 6
    strict_capacity_limit : 0
    high_pri_pool_ratio: 0.000
  block_cache_compressed: (nil)
  persistent_cache: (nil)
  block_size: 4096
  block_size_deviation: 10
  block_restart_interval: 16
  index_block_restart_interval: 1
  metadata_block_size: 4096
  partition_filters: 0
  use_delta_encoding: 1
  filter_policy: nullptr
  whole_key_filtering: 1
  verify_compression: 0
  read_amp_bytes_per_bit: 0
  format_version: 2
  enable_index_compression: 1
2018/04/13-07:28:47.934238 7fd0991fea00        Options.write_buffer_size: 17179869184
2018/04/13-07:28:47.934239 7fd0991fea00  Options.max_write_buffer_number: 2
2018/04/13-07:28:47.934241 7fd0991fea00          Options.compression: Snappy
2018/04/13-07:28:47.934242 7fd0991fea00                  Options.bottommost_compression: Disabled
2018/04/13-07:28:47.934243 7fd0991fea00       Options.prefix_extractor: rocksdb.FixedPrefix.8
2018/04/13-07:28:47.934244 7fd0991fea00   Options.memtable_insert_with_hint_prefix_extractor: nullptr
2018/04/13-07:28:47.934245 7fd0991fea00             Options.num_levels: 7
2018/04/13-07:28:47.934246 7fd0991fea00        Options.min_write_buffer_number_to_merge: 1
2018/04/13-07:28:47.934247 7fd0991fea00     Options.max_write_buffer_number_to_maintain: 0
2018/04/13-07:28:47.934248 7fd0991fea00            Options.compression_opts.window_bits: -14
2018/04/13-07:28:47.934249 7fd0991fea00                  Options.compression_opts.level: -1
2018/04/13-07:28:47.934250 7fd0991fea00               Options.compression_opts.strategy: 0
2018/04/13-07:28:47.934251 7fd0991fea00         Options.compression_opts.max_dict_bytes: 0
2018/04/13-07:28:47.934252 7fd0991fea00      Options.level0_file_num_compaction_trigger: 4
2018/04/13-07:28:47.934253 7fd0991fea00          Options.level0_slowdown_writes_trigger: 20
2018/04/13-07:28:47.934254 7fd0991fea00              Options.level0_stop_writes_trigger: 36
2018/04/13-07:28:47.934255 7fd0991fea00                   Options.target_file_size_base: 67108864
2018/04/13-07:28:47.934256 7fd0991fea00             Options.target_file_size_multiplier: 1
2018/04/13-07:28:47.934257 7fd0991fea00                Options.max_bytes_for_level_base: 268435456
2018/04/13-07:28:47.934258 7fd0991fea00 Options.level_compaction_dynamic_level_bytes: 0
2018/04/13-07:28:47.934259 7fd0991fea00          Options.max_bytes_for_level_multiplier: 10.000000
2018/04/13-07:28:47.934261 7fd0991fea00 Options.max_bytes_for_level_multiplier_addtl[0]: 1
2018/04/13-07:28:47.934262 7fd0991fea00 Options.max_bytes_for_level_multiplier_addtl[1]: 1
2018/04/13-07:28:47.934263 7fd0991fea00 Options.max_bytes_for_level_multiplier_addtl[2]: 1
2018/04/13-07:28:47.934264 7fd0991fea00 Options.max_bytes_for_level_multiplier_addtl[3]: 1
2018/04/13-07:28:47.934265 7fd0991fea00 Options.max_bytes_for_level_multiplier_addtl[4]: 1
2018/04/13-07:28:47.934266 7fd0991fea00 Options.max_bytes_for_level_multiplier_addtl[5]: 1
2018/04/13-07:28:47.934267 7fd0991fea00 Options.max_bytes_for_level_multiplier_addtl[6]: 1
2018/04/13-07:28:47.934267 7fd0991fea00       Options.max_sequential_skip_in_iterations: 8
2018/04/13-07:28:47.934268 7fd0991fea00                    Options.max_compaction_bytes: 1677721600
2018/04/13-07:28:47.934269 7fd0991fea00                        Options.arena_block_size: 2147483648
2018/04/13-07:28:47.934270 7fd0991fea00   Options.soft_pending_compaction_bytes_limit: 68719476736
2018/04/13-07:28:47.934271 7fd0991fea00   Options.hard_pending_compaction_bytes_limit: 137438953472
2018/04/13-07:28:47.934272 7fd0991fea00       Options.rate_limit_delay_max_milliseconds: 1000
2018/04/13-07:28:47.934273 7fd0991fea00                Options.disable_auto_compactions: 0
2018/04/13-07:28:47.934275 7fd0991fea00                        Options.compaction_style: kCompactionStyleLevel
2018/04/13-07:28:47.934277 7fd0991fea00                          Options.compaction_pri: kByCompensatedSize
2018/04/13-07:28:47.934278 7fd0991fea00 Options.compaction_options_universal.size_ratio: 1
2018/04/13-07:28:47.934279 7fd0991fea00 Options.compaction_options_universal.min_merge_width: 2
2018/04/13-07:28:47.934283 7fd0991fea00 Options.compaction_options_universal.max_merge_width: 4294967295
2018/04/13-07:28:47.934284 7fd0991fea00 Options.compaction_options_universal.max_size_amplification_percent: 200
2018/04/13-07:28:47.934285 7fd0991fea00 Options.compaction_options_universal.compression_size_percent: -1
2018/04/13-07:28:47.934287 7fd0991fea00 Options.compaction_options_universal.stop_style: kCompactionStopStyleTotalSize
2018/04/13-07:28:47.934288 7fd0991fea00 Options.compaction_options_fifo.max_table_files_size: 0
2018/04/13-07:28:47.934289 7fd0991fea00 Options.compaction_options_fifo.allow_compaction: 1
2018/04/13-07:28:47.934290 7fd0991fea00 Options.compaction_options_fifo.ttl: 0
2018/04/13-07:28:47.934291 7fd0991fea00                   Options.table_properties_collectors: 
2018/04/13-07:28:47.934292 7fd0991fea00                   Options.inplace_update_support: 0
2018/04/13-07:28:47.934293 7fd0991fea00                 Options.inplace_update_num_locks: 10000
2018/04/13-07:28:47.934294 7fd0991fea00               Options.memtable_prefix_bloom_size_ratio: 0.000000
2018/04/13-07:28:47.934296 7fd0991fea00   Options.memtable_huge_page_size: 0
2018/04/13-07:28:47.934297 7fd0991fea00                           Options.bloom_locality: 0
2018/04/13-07:28:47.934298 7fd0991fea00                    Options.max_successive_merges: 0
2018/04/13-07:28:47.934298 7fd0991fea00                Options.optimize_filters_for_hits: 0
2018/04/13-07:28:47.934299 7fd0991fea00                Options.paranoid_file_checks: 0
2018/04/13-07:28:47.934300 7fd0991fea00                Options.force_consistency_checks: 0
2018/04/13-07:28:47.934301 7fd0991fea00                Options.report_bg_io_stats: 0
2018/04/13-07:28:47.934967 7fd0991fea00 [db/version_set.cc:3100] Recovered from manifest file:/mnt/rocksdb/MANIFEST-000001 succeeded,manifest_file_number is 1, next_file_number is 3, last_sequence is 0, log_number is 0,prev_log_number is 0,max_column_family is 0
2018/04/13-07:28:47.934972 7fd0991fea00 [db/version_set.cc:3108] Column family [default] (ID 0), log number is 0
2018/04/13-07:28:47.940094 7fd0991fea00 [db/db_impl_open.cc:1165] DB pointer 0x2ab3dd0
2018/04/13-07:28:53.297167 7fd0991fea00 [db/db_impl.cc:252] Shutdown: canceling all background work
2018/04/13-07:28:53.298715 7fd0991fea00 [db/db_impl.cc:383] Shutdown complete
