2018/04/25-16:45:09.135206 7f44b1321a00 RocksDB version: 5.13.0
2018/04/25-16:45:09.135236 7f44b1321a00 Git sha rocksdb_build_git_sha:3be9b364539d382ce282cad80b5c05c58fd2d8a7
2018/04/25-16:45:09.135239 7f44b1321a00 Compile date Apr 24 2018
2018/04/25-16:45:09.135240 7f44b1321a00 DB SUMMARY
2018/04/25-16:45:09.135251 7f44b1321a00 SST files in /mnt/rocksdb dir, Total Num: 0, files: 
2018/04/25-16:45:09.135253 7f44b1321a00 Write Ahead Log file in /mnt/rocksdb: 
2018/04/25-16:45:09.135254 7f44b1321a00                         Options.error_if_exists: 0
2018/04/25-16:45:09.135256 7f44b1321a00                       Options.create_if_missing: 1
2018/04/25-16:45:09.135257 7f44b1321a00                         Options.paranoid_checks: 1
2018/04/25-16:45:09.135258 7f44b1321a00                                     Options.env: 0xb2b9c0
2018/04/25-16:45:09.135259 7f44b1321a00                                Options.info_log: 0x1469d90
2018/04/25-16:45:09.135260 7f44b1321a00                Options.max_file_opening_threads: 16
2018/04/25-16:45:09.135261 7f44b1321a00                              Options.statistics: 0x145fc20
2018/04/25-16:45:09.135262 7f44b1321a00                               Options.use_fsync: 0
2018/04/25-16:45:09.135264 7f44b1321a00                       Options.max_log_file_size: 0
2018/04/25-16:45:09.135265 7f44b1321a00                  Options.max_manifest_file_size: 18446744073709551615
2018/04/25-16:45:09.135266 7f44b1321a00                   Options.log_file_time_to_roll: 0
2018/04/25-16:45:09.135267 7f44b1321a00                       Options.keep_log_file_num: 1000
2018/04/25-16:45:09.135268 7f44b1321a00                    Options.recycle_log_file_num: 0
2018/04/25-16:45:09.135269 7f44b1321a00                         Options.allow_fallocate: 1
2018/04/25-16:45:09.135270 7f44b1321a00                        Options.allow_mmap_reads: 0
2018/04/25-16:45:09.135271 7f44b1321a00                       Options.allow_mmap_writes: 0
2018/04/25-16:45:09.135272 7f44b1321a00                        Options.use_direct_reads: 0
2018/04/25-16:45:09.135273 7f44b1321a00                        Options.use_direct_io_for_flush_and_compaction: 0
2018/04/25-16:45:09.135274 7f44b1321a00          Options.create_missing_column_families: 0
2018/04/25-16:45:09.135275 7f44b1321a00                              Options.db_log_dir: 
2018/04/25-16:45:09.135276 7f44b1321a00                                 Options.wal_dir: /mnt/rocksdb
2018/04/25-16:45:09.135277 7f44b1321a00                Options.table_cache_numshardbits: 4
2018/04/25-16:45:09.135278 7f44b1321a00                      Options.max_subcompactions: 1
2018/04/25-16:45:09.135279 7f44b1321a00                  Options.max_background_flushes: -1
2018/04/25-16:45:09.135280 7f44b1321a00                         Options.WAL_ttl_seconds: 0
2018/04/25-16:45:09.135281 7f44b1321a00                       Options.WAL_size_limit_MB: 0
2018/04/25-16:45:09.135282 7f44b1321a00             Options.manifest_preallocation_size: 4194304
2018/04/25-16:45:09.135283 7f44b1321a00                     Options.is_fd_close_on_exec: 1
2018/04/25-16:45:09.135284 7f44b1321a00                   Options.advise_random_on_open: 1
2018/04/25-16:45:09.135285 7f44b1321a00                    Options.db_write_buffer_size: 0
2018/04/25-16:45:09.135286 7f44b1321a00                    Options.write_buffer_manager: 0x1469ef0
2018/04/25-16:45:09.135287 7f44b1321a00         Options.access_hint_on_compaction_start: 1
2018/04/25-16:45:09.135288 7f44b1321a00  Options.new_table_reader_for_compaction_inputs: 1
2018/04/25-16:45:09.135289 7f44b1321a00           Options.random_access_max_buffer_size: 1048576
2018/04/25-16:45:09.135290 7f44b1321a00                      Options.use_adaptive_mutex: 0
2018/04/25-16:45:09.135291 7f44b1321a00                            Options.rate_limiter: (nil)
2018/04/25-16:45:09.135292 7f44b1321a00     Options.sst_file_manager.rate_bytes_per_sec: 0
2018/04/25-16:45:09.135293 7f44b1321a00                       Options.wal_recovery_mode: 2
2018/04/25-16:45:09.135295 7f44b1321a00                  Options.enable_thread_tracking: 0
2018/04/25-16:45:09.135296 7f44b1321a00                  Options.enable_pipelined_write: 0
2018/04/25-16:45:09.135301 7f44b1321a00         Options.allow_concurrent_memtable_write: 0
2018/04/25-16:45:09.135303 7f44b1321a00      Options.enable_write_thread_adaptive_yield: 1
2018/04/25-16:45:09.135304 7f44b1321a00             Options.write_thread_max_yield_usec: 100
2018/04/25-16:45:09.135305 7f44b1321a00            Options.write_thread_slow_yield_usec: 3
2018/04/25-16:45:09.135306 7f44b1321a00                               Options.row_cache: None
2018/04/25-16:45:09.135307 7f44b1321a00                              Options.wal_filter: None
2018/04/25-16:45:09.135308 7f44b1321a00             Options.avoid_flush_during_recovery: 0
2018/04/25-16:45:09.135309 7f44b1321a00             Options.allow_ingest_behind: 0
2018/04/25-16:45:09.135310 7f44b1321a00             Options.preserve_deletes: 0
2018/04/25-16:45:09.135311 7f44b1321a00             Options.two_write_queues: 0
2018/04/25-16:45:09.135312 7f44b1321a00             Options.manual_wal_flush: 0
2018/04/25-16:45:09.135313 7f44b1321a00             Options.max_background_jobs: 2
2018/04/25-16:45:09.135314 7f44b1321a00             Options.max_background_compactions: -1
2018/04/25-16:45:09.135315 7f44b1321a00             Options.avoid_flush_during_shutdown: 0
2018/04/25-16:45:09.135316 7f44b1321a00           Options.writable_file_max_buffer_size: 1048576
2018/04/25-16:45:09.135317 7f44b1321a00             Options.delayed_write_rate : 8388608
2018/04/25-16:45:09.135318 7f44b1321a00             Options.max_total_wal_size: 0
2018/04/25-16:45:09.135319 7f44b1321a00             Options.delete_obsolete_files_period_micros: 21600000000
2018/04/25-16:45:09.135320 7f44b1321a00                   Options.stats_dump_period_sec: 600
2018/04/25-16:45:09.135321 7f44b1321a00                          Options.max_open_files: -1
2018/04/25-16:45:09.135322 7f44b1321a00                          Options.bytes_per_sync: 0
2018/04/25-16:45:09.135323 7f44b1321a00                      Options.wal_bytes_per_sync: 0
2018/04/25-16:45:09.135324 7f44b1321a00       Options.compaction_readahead_size: 0
2018/04/25-16:45:09.135325 7f44b1321a00 Compression algorithms supported:
2018/04/25-16:45:09.135326 7f44b1321a00 	kZSTDNotFinalCompression supported: 1
2018/04/25-16:45:09.135328 7f44b1321a00 	kZSTD supported: 0
2018/04/25-16:45:09.135329 7f44b1321a00 	kXpressCompression supported: 0
2018/04/25-16:45:09.135330 7f44b1321a00 	kLZ4HCCompression supported: 1
2018/04/25-16:45:09.135332 7f44b1321a00 	kLZ4Compression supported: 1
2018/04/25-16:45:09.135333 7f44b1321a00 	kBZip2Compression supported: 1
2018/04/25-16:45:09.135334 7f44b1321a00 	kZlibCompression supported: 1
2018/04/25-16:45:09.135335 7f44b1321a00 	kSnappyCompression supported: 1
2018/04/25-16:45:09.135343 7f44b1321a00 Fast CRC32 supported: Supported on x86
2018/04/25-16:45:09.135367 7f44b1321a00 [db/db_impl_open.cc:222] Creating manifest 1 
2018/04/25-16:45:09.184833 7f44b1321a00 [db/version_set.cc:3096] Recovering from manifest file: MANIFEST-000001
2018/04/25-16:45:09.184876 7f44b1321a00 [db/column_family.cc:475] --------------- Options for column family [default]:
2018/04/25-16:45:09.184879 7f44b1321a00               Options.comparator: leveldb.BytewiseComparator
2018/04/25-16:45:09.184880 7f44b1321a00           Options.merge_operator: None
2018/04/25-16:45:09.184881 7f44b1321a00        Options.compaction_filter: None
2018/04/25-16:45:09.184883 7f44b1321a00        Options.compaction_filter_factory: None
2018/04/25-16:45:09.184884 7f44b1321a00         Options.memtable_factory: HashCuckooRepFactory
2018/04/25-16:45:09.184885 7f44b1321a00            Options.table_factory: BlockBasedTable
2018/04/25-16:45:09.184907 7f44b1321a00            table_factory options:   flush_block_policy_factory: FlushBlockBySizePolicyFactory (0x146a120)
  cache_index_and_filter_blocks: 0
  cache_index_and_filter_blocks_with_high_priority: 0
  pin_l0_filter_and_index_blocks_in_cache: 0
  index_type: 0
  hash_index_allow_collision: 1
  checksum: 1
  no_block_cache: 0
  block_cache: 0x145fac0
  block_cache_name: LRUCache
  block_cache_options:
    capacity : 8388608
    num_shard_bits : 6
    strict_capacity_limit : 0
    high_pri_pool_ratio: 0.000
  block_cache_compressed: (nil)
  persistent_cache: (nil)
  block_size: 4096
  block_size_deviation: 10
  block_restart_interval: 16
  index_block_restart_interval: 1
  metadata_block_size: 4096
  partition_filters: 0
  use_delta_encoding: 1
  filter_policy: nullptr
  whole_key_filtering: 1
  verify_compression: 0
  read_amp_bytes_per_bit: 0
  format_version: 2
  enable_index_compression: 1
  block_align: 0
2018/04/25-16:45:09.184924 7f44b1321a00        Options.write_buffer_size: 34359738368
2018/04/25-16:45:09.184925 7f44b1321a00  Options.max_write_buffer_number: 2
2018/04/25-16:45:09.184927 7f44b1321a00          Options.compression: Snappy
2018/04/25-16:45:09.184928 7f44b1321a00                  Options.bottommost_compression: Disabled
2018/04/25-16:45:09.184930 7f44b1321a00       Options.prefix_extractor: rocksdb.FixedPrefix.8
2018/04/25-16:45:09.184931 7f44b1321a00   Options.memtable_insert_with_hint_prefix_extractor: nullptr
2018/04/25-16:45:09.184932 7f44b1321a00             Options.num_levels: 7
2018/04/25-16:45:09.184933 7f44b1321a00        Options.min_write_buffer_number_to_merge: 1
2018/04/25-16:45:09.184934 7f44b1321a00     Options.max_write_buffer_number_to_maintain: 0
2018/04/25-16:45:09.184935 7f44b1321a00            Options.compression_opts.window_bits: -14
2018/04/25-16:45:09.184936 7f44b1321a00                  Options.compression_opts.level: -1
2018/04/25-16:45:09.184937 7f44b1321a00               Options.compression_opts.strategy: 0
2018/04/25-16:45:09.184938 7f44b1321a00         Options.compression_opts.max_dict_bytes: 0
2018/04/25-16:45:09.184939 7f44b1321a00         Options.compression_opts.zstd_max_train_bytes: 0
2018/04/25-16:45:09.184940 7f44b1321a00      Options.level0_file_num_compaction_trigger: 4
2018/04/25-16:45:09.184941 7f44b1321a00          Options.level0_slowdown_writes_trigger: 20
2018/04/25-16:45:09.184942 7f44b1321a00              Options.level0_stop_writes_trigger: 36
2018/04/25-16:45:09.184943 7f44b1321a00                   Options.target_file_size_base: 67108864
2018/04/25-16:45:09.184944 7f44b1321a00             Options.target_file_size_multiplier: 1
2018/04/25-16:45:09.184945 7f44b1321a00                Options.max_bytes_for_level_base: 268435456
2018/04/25-16:45:09.184947 7f44b1321a00 Options.level_compaction_dynamic_level_bytes: 0
2018/04/25-16:45:09.184948 7f44b1321a00          Options.max_bytes_for_level_multiplier: 10.000000
2018/04/25-16:45:09.184950 7f44b1321a00 Options.max_bytes_for_level_multiplier_addtl[0]: 1
2018/04/25-16:45:09.184951 7f44b1321a00 Options.max_bytes_for_level_multiplier_addtl[1]: 1
2018/04/25-16:45:09.184952 7f44b1321a00 Options.max_bytes_for_level_multiplier_addtl[2]: 1
2018/04/25-16:45:09.184953 7f44b1321a00 Options.max_bytes_for_level_multiplier_addtl[3]: 1
2018/04/25-16:45:09.184954 7f44b1321a00 Options.max_bytes_for_level_multiplier_addtl[4]: 1
2018/04/25-16:45:09.184955 7f44b1321a00 Options.max_bytes_for_level_multiplier_addtl[5]: 1
2018/04/25-16:45:09.184956 7f44b1321a00 Options.max_bytes_for_level_multiplier_addtl[6]: 1
2018/04/25-16:45:09.184957 7f44b1321a00       Options.max_sequential_skip_in_iterations: 8
2018/04/25-16:45:09.184958 7f44b1321a00                    Options.max_compaction_bytes: 1677721600
2018/04/25-16:45:09.184959 7f44b1321a00                        Options.arena_block_size: 4294967296
2018/04/25-16:45:09.184960 7f44b1321a00   Options.soft_pending_compaction_bytes_limit: 68719476736
2018/04/25-16:45:09.184961 7f44b1321a00   Options.hard_pending_compaction_bytes_limit: 137438953472
2018/04/25-16:45:09.184962 7f44b1321a00       Options.rate_limit_delay_max_milliseconds: 1000
2018/04/25-16:45:09.184963 7f44b1321a00                Options.disable_auto_compactions: 0
2018/04/25-16:45:09.184965 7f44b1321a00                        Options.compaction_style: kCompactionStyleLevel
2018/04/25-16:45:09.184967 7f44b1321a00                          Options.compaction_pri: kByCompensatedSize
2018/04/25-16:45:09.184968 7f44b1321a00 Options.compaction_options_universal.size_ratio: 1
2018/04/25-16:45:09.184973 7f44b1321a00 Options.compaction_options_universal.min_merge_width: 2
2018/04/25-16:45:09.184974 7f44b1321a00 Options.compaction_options_universal.max_merge_width: 4294967295
2018/04/25-16:45:09.184975 7f44b1321a00 Options.compaction_options_universal.max_size_amplification_percent: 200
2018/04/25-16:45:09.184976 7f44b1321a00 Options.compaction_options_universal.compression_size_percent: -1
2018/04/25-16:45:09.184978 7f44b1321a00 Options.compaction_options_universal.stop_style: kCompactionStopStyleTotalSize
2018/04/25-16:45:09.184979 7f44b1321a00 Options.compaction_options_fifo.max_table_files_size: 0
2018/04/25-16:45:09.184980 7f44b1321a00 Options.compaction_options_fifo.allow_compaction: 1
2018/04/25-16:45:09.184981 7f44b1321a00 Options.compaction_options_fifo.ttl: 0
2018/04/25-16:45:09.184982 7f44b1321a00                   Options.table_properties_collectors: 
2018/04/25-16:45:09.184983 7f44b1321a00                   Options.inplace_update_support: 0
2018/04/25-16:45:09.184984 7f44b1321a00                 Options.inplace_update_num_locks: 10000
2018/04/25-16:45:09.184985 7f44b1321a00               Options.memtable_prefix_bloom_size_ratio: 0.000000
2018/04/25-16:45:09.184986 7f44b1321a00   Options.memtable_huge_page_size: 0
2018/04/25-16:45:09.184987 7f44b1321a00                           Options.bloom_locality: 0
2018/04/25-16:45:09.184988 7f44b1321a00                    Options.max_successive_merges: 0
2018/04/25-16:45:09.184989 7f44b1321a00                Options.optimize_filters_for_hits: 0
2018/04/25-16:45:09.184990 7f44b1321a00                Options.paranoid_file_checks: 0
2018/04/25-16:45:09.184991 7f44b1321a00                Options.force_consistency_checks: 0
2018/04/25-16:45:09.184992 7f44b1321a00                Options.report_bg_io_stats: 0
2018/04/25-16:45:09.184993 7f44b1321a00                               Options.ttl: 0
2018/04/25-16:45:09.564677 7f44b1321a00 [db/version_set.cc:3370] Recovered from manifest file:/mnt/rocksdb/MANIFEST-000001 succeeded,manifest_file_number is 1, next_file_number is 3, last_sequence is 0, log_number is 0,prev_log_number is 0,max_column_family is 0,deleted_log_number is 0
2018/04/25-16:45:09.564691 7f44b1321a00 [db/version_set.cc:3378] Column family [default] (ID 0), log number is 0
2018/04/25-16:45:09.572237 7f44b1321a00 [db/db_impl_open.cc:1218] DB pointer 0x14664b0
2018/04/25-16:59:03.468280 7f44b1321a00 [db/db_impl.cc:252] Shutdown: canceling all background work
2018/04/25-16:59:03.529335 7f44b1321a00 [db/db_impl.cc:398] Shutdown complete
