2018/04/25-20:26:26.327646 7f3984461a00 RocksDB version: 5.13.0
2018/04/25-20:26:26.327677 7f3984461a00 Git sha rocksdb_build_git_sha:3be9b364539d382ce282cad80b5c05c58fd2d8a7
2018/04/25-20:26:26.327679 7f3984461a00 Compile date Apr 24 2018
2018/04/25-20:26:26.327681 7f3984461a00 DB SUMMARY
2018/04/25-20:26:26.327691 7f3984461a00 SST files in /mnt/rocksdb dir, Total Num: 0, files: 
2018/04/25-20:26:26.327693 7f3984461a00 Write Ahead Log file in /mnt/rocksdb: 
2018/04/25-20:26:26.327694 7f3984461a00                         Options.error_if_exists: 0
2018/04/25-20:26:26.327696 7f3984461a00                       Options.create_if_missing: 1
2018/04/25-20:26:26.327697 7f3984461a00                         Options.paranoid_checks: 1
2018/04/25-20:26:26.327698 7f3984461a00                                     Options.env: 0xb2b9c0
2018/04/25-20:26:26.327699 7f3984461a00                                Options.info_log: 0x1fc7860
2018/04/25-20:26:26.327700 7f3984461a00                Options.max_file_opening_threads: 16
2018/04/25-20:26:26.327701 7f3984461a00                              Options.statistics: 0x1fbabd0
2018/04/25-20:26:26.327702 7f3984461a00                               Options.use_fsync: 0
2018/04/25-20:26:26.327703 7f3984461a00                       Options.max_log_file_size: 0
2018/04/25-20:26:26.327704 7f3984461a00                  Options.max_manifest_file_size: 18446744073709551615
2018/04/25-20:26:26.327705 7f3984461a00                   Options.log_file_time_to_roll: 0
2018/04/25-20:26:26.327706 7f3984461a00                       Options.keep_log_file_num: 1000
2018/04/25-20:26:26.327707 7f3984461a00                    Options.recycle_log_file_num: 0
2018/04/25-20:26:26.327708 7f3984461a00                         Options.allow_fallocate: 1
2018/04/25-20:26:26.327709 7f3984461a00                        Options.allow_mmap_reads: 0
2018/04/25-20:26:26.327710 7f3984461a00                       Options.allow_mmap_writes: 0
2018/04/25-20:26:26.327711 7f3984461a00                        Options.use_direct_reads: 0
2018/04/25-20:26:26.327712 7f3984461a00                        Options.use_direct_io_for_flush_and_compaction: 0
2018/04/25-20:26:26.327713 7f3984461a00          Options.create_missing_column_families: 0
2018/04/25-20:26:26.327714 7f3984461a00                              Options.db_log_dir: 
2018/04/25-20:26:26.327715 7f3984461a00                                 Options.wal_dir: /mnt/rocksdb
2018/04/25-20:26:26.327716 7f3984461a00                Options.table_cache_numshardbits: 4
2018/04/25-20:26:26.327717 7f3984461a00                      Options.max_subcompactions: 1
2018/04/25-20:26:26.327718 7f3984461a00                  Options.max_background_flushes: -1
2018/04/25-20:26:26.327719 7f3984461a00                         Options.WAL_ttl_seconds: 0
2018/04/25-20:26:26.327720 7f3984461a00                       Options.WAL_size_limit_MB: 0
2018/04/25-20:26:26.327721 7f3984461a00             Options.manifest_preallocation_size: 4194304
2018/04/25-20:26:26.327722 7f3984461a00                     Options.is_fd_close_on_exec: 1
2018/04/25-20:26:26.327723 7f3984461a00                   Options.advise_random_on_open: 1
2018/04/25-20:26:26.327724 7f3984461a00                    Options.db_write_buffer_size: 0
2018/04/25-20:26:26.327725 7f3984461a00                    Options.write_buffer_manager: 0x1fc1510
2018/04/25-20:26:26.327726 7f3984461a00         Options.access_hint_on_compaction_start: 1
2018/04/25-20:26:26.327727 7f3984461a00  Options.new_table_reader_for_compaction_inputs: 1
2018/04/25-20:26:26.327728 7f3984461a00           Options.random_access_max_buffer_size: 1048576
2018/04/25-20:26:26.327729 7f3984461a00                      Options.use_adaptive_mutex: 0
2018/04/25-20:26:26.327730 7f3984461a00                            Options.rate_limiter: (nil)
2018/04/25-20:26:26.327732 7f3984461a00     Options.sst_file_manager.rate_bytes_per_sec: 0
2018/04/25-20:26:26.327733 7f3984461a00                       Options.wal_recovery_mode: 2
2018/04/25-20:26:26.327734 7f3984461a00                  Options.enable_thread_tracking: 0
2018/04/25-20:26:26.327735 7f3984461a00                  Options.enable_pipelined_write: 0
2018/04/25-20:26:26.327740 7f3984461a00         Options.allow_concurrent_memtable_write: 0
2018/04/25-20:26:26.327741 7f3984461a00      Options.enable_write_thread_adaptive_yield: 1
2018/04/25-20:26:26.327742 7f3984461a00             Options.write_thread_max_yield_usec: 100
2018/04/25-20:26:26.327743 7f3984461a00            Options.write_thread_slow_yield_usec: 3
2018/04/25-20:26:26.327744 7f3984461a00                               Options.row_cache: None
2018/04/25-20:26:26.327745 7f3984461a00                              Options.wal_filter: None
2018/04/25-20:26:26.327746 7f3984461a00             Options.avoid_flush_during_recovery: 0
2018/04/25-20:26:26.327747 7f3984461a00             Options.allow_ingest_behind: 0
2018/04/25-20:26:26.327748 7f3984461a00             Options.preserve_deletes: 0
2018/04/25-20:26:26.327749 7f3984461a00             Options.two_write_queues: 0
2018/04/25-20:26:26.327750 7f3984461a00             Options.manual_wal_flush: 0
2018/04/25-20:26:26.327751 7f3984461a00             Options.max_background_jobs: 2
2018/04/25-20:26:26.327752 7f3984461a00             Options.max_background_compactions: -1
2018/04/25-20:26:26.327753 7f3984461a00             Options.avoid_flush_during_shutdown: 0
2018/04/25-20:26:26.327754 7f3984461a00           Options.writable_file_max_buffer_size: 1048576
2018/04/25-20:26:26.327755 7f3984461a00             Options.delayed_write_rate : 8388608
2018/04/25-20:26:26.327756 7f3984461a00             Options.max_total_wal_size: 0
2018/04/25-20:26:26.327757 7f3984461a00             Options.delete_obsolete_files_period_micros: 21600000000
2018/04/25-20:26:26.327758 7f3984461a00                   Options.stats_dump_period_sec: 600
2018/04/25-20:26:26.327759 7f3984461a00                          Options.max_open_files: -1
2018/04/25-20:26:26.327760 7f3984461a00                          Options.bytes_per_sync: 0
2018/04/25-20:26:26.327761 7f3984461a00                      Options.wal_bytes_per_sync: 0
2018/04/25-20:26:26.327762 7f3984461a00       Options.compaction_readahead_size: 0
2018/04/25-20:26:26.327763 7f3984461a00 Compression algorithms supported:
2018/04/25-20:26:26.327764 7f3984461a00 	kZSTDNotFinalCompression supported: 1
2018/04/25-20:26:26.327766 7f3984461a00 	kZSTD supported: 0
2018/04/25-20:26:26.327767 7f3984461a00 	kXpressCompression supported: 0
2018/04/25-20:26:26.327768 7f3984461a00 	kLZ4HCCompression supported: 1
2018/04/25-20:26:26.327770 7f3984461a00 	kLZ4Compression supported: 1
2018/04/25-20:26:26.327771 7f3984461a00 	kBZip2Compression supported: 1
2018/04/25-20:26:26.327772 7f3984461a00 	kZlibCompression supported: 1
2018/04/25-20:26:26.327773 7f3984461a00 	kSnappyCompression supported: 1
2018/04/25-20:26:26.327779 7f3984461a00 Fast CRC32 supported: Supported on x86
2018/04/25-20:26:26.327803 7f3984461a00 [db/db_impl_open.cc:222] Creating manifest 1 
2018/04/25-20:26:26.378421 7f3984461a00 [db/version_set.cc:3096] Recovering from manifest file: MANIFEST-000001
2018/04/25-20:26:26.378462 7f3984461a00 [db/column_family.cc:475] --------------- Options for column family [default]:
2018/04/25-20:26:26.378464 7f3984461a00               Options.comparator: leveldb.BytewiseComparator
2018/04/25-20:26:26.378465 7f3984461a00           Options.merge_operator: None
2018/04/25-20:26:26.378466 7f3984461a00        Options.compaction_filter: None
2018/04/25-20:26:26.378467 7f3984461a00        Options.compaction_filter_factory: None
2018/04/25-20:26:26.378468 7f3984461a00         Options.memtable_factory: HashLinkListRepFactory
2018/04/25-20:26:26.378470 7f3984461a00            Options.table_factory: BlockBasedTable
2018/04/25-20:26:26.378490 7f3984461a00            table_factory options:   flush_block_policy_factory: FlushBlockBySizePolicyFactory (0x1fc5180)
  cache_index_and_filter_blocks: 0
  cache_index_and_filter_blocks_with_high_priority: 0
  pin_l0_filter_and_index_blocks_in_cache: 0
  index_type: 0
  hash_index_allow_collision: 1
  checksum: 1
  no_block_cache: 0
  block_cache: 0x1fba890
  block_cache_name: LRUCache
  block_cache_options:
    capacity : 8388608
    num_shard_bits : 6
    strict_capacity_limit : 0
    high_pri_pool_ratio: 0.000
  block_cache_compressed: (nil)
  persistent_cache: (nil)
  block_size: 4096
  block_size_deviation: 10
  block_restart_interval: 16
  index_block_restart_interval: 1
  metadata_block_size: 4096
  partition_filters: 0
  use_delta_encoding: 1
  filter_policy: nullptr
  whole_key_filtering: 1
  verify_compression: 0
  read_amp_bytes_per_bit: 0
  format_version: 2
  enable_index_compression: 1
  block_align: 0
2018/04/25-20:26:26.378501 7f3984461a00        Options.write_buffer_size: 34359738368
2018/04/25-20:26:26.378502 7f3984461a00  Options.max_write_buffer_number: 2
2018/04/25-20:26:26.378504 7f3984461a00          Options.compression: Snappy
2018/04/25-20:26:26.378505 7f3984461a00                  Options.bottommost_compression: Disabled
2018/04/25-20:26:26.378506 7f3984461a00       Options.prefix_extractor: rocksdb.FixedPrefix.8
2018/04/25-20:26:26.378508 7f3984461a00   Options.memtable_insert_with_hint_prefix_extractor: nullptr
2018/04/25-20:26:26.378509 7f3984461a00             Options.num_levels: 7
2018/04/25-20:26:26.378510 7f3984461a00        Options.min_write_buffer_number_to_merge: 1
2018/04/25-20:26:26.378511 7f3984461a00     Options.max_write_buffer_number_to_maintain: 0
2018/04/25-20:26:26.378512 7f3984461a00            Options.compression_opts.window_bits: -14
2018/04/25-20:26:26.378513 7f3984461a00                  Options.compression_opts.level: -1
2018/04/25-20:26:26.378514 7f3984461a00               Options.compression_opts.strategy: 0
2018/04/25-20:26:26.378515 7f3984461a00         Options.compression_opts.max_dict_bytes: 0
2018/04/25-20:26:26.378516 7f3984461a00         Options.compression_opts.zstd_max_train_bytes: 0
2018/04/25-20:26:26.378517 7f3984461a00      Options.level0_file_num_compaction_trigger: 4
2018/04/25-20:26:26.378518 7f3984461a00          Options.level0_slowdown_writes_trigger: 20
2018/04/25-20:26:26.378519 7f3984461a00              Options.level0_stop_writes_trigger: 36
2018/04/25-20:26:26.378520 7f3984461a00                   Options.target_file_size_base: 67108864
2018/04/25-20:26:26.378521 7f3984461a00             Options.target_file_size_multiplier: 1
2018/04/25-20:26:26.378522 7f3984461a00                Options.max_bytes_for_level_base: 268435456
2018/04/25-20:26:26.378523 7f3984461a00 Options.level_compaction_dynamic_level_bytes: 0
2018/04/25-20:26:26.378524 7f3984461a00          Options.max_bytes_for_level_multiplier: 10.000000
2018/04/25-20:26:26.378526 7f3984461a00 Options.max_bytes_for_level_multiplier_addtl[0]: 1
2018/04/25-20:26:26.378528 7f3984461a00 Options.max_bytes_for_level_multiplier_addtl[1]: 1
2018/04/25-20:26:26.378529 7f3984461a00 Options.max_bytes_for_level_multiplier_addtl[2]: 1
2018/04/25-20:26:26.378530 7f3984461a00 Options.max_bytes_for_level_multiplier_addtl[3]: 1
2018/04/25-20:26:26.378531 7f3984461a00 Options.max_bytes_for_level_multiplier_addtl[4]: 1
2018/04/25-20:26:26.378532 7f3984461a00 Options.max_bytes_for_level_multiplier_addtl[5]: 1
2018/04/25-20:26:26.378533 7f3984461a00 Options.max_bytes_for_level_multiplier_addtl[6]: 1
2018/04/25-20:26:26.378533 7f3984461a00       Options.max_sequential_skip_in_iterations: 8
2018/04/25-20:26:26.378534 7f3984461a00                    Options.max_compaction_bytes: 1677721600
2018/04/25-20:26:26.378536 7f3984461a00                        Options.arena_block_size: 4294967296
2018/04/25-20:26:26.378537 7f3984461a00   Options.soft_pending_compaction_bytes_limit: 68719476736
2018/04/25-20:26:26.378538 7f3984461a00   Options.hard_pending_compaction_bytes_limit: 137438953472
2018/04/25-20:26:26.378539 7f3984461a00       Options.rate_limit_delay_max_milliseconds: 1000
2018/04/25-20:26:26.378540 7f3984461a00                Options.disable_auto_compactions: 0
2018/04/25-20:26:26.378541 7f3984461a00                        Options.compaction_style: kCompactionStyleLevel
2018/04/25-20:26:26.378543 7f3984461a00                          Options.compaction_pri: kByCompensatedSize
2018/04/25-20:26:26.378544 7f3984461a00 Options.compaction_options_universal.size_ratio: 1
2018/04/25-20:26:26.378549 7f3984461a00 Options.compaction_options_universal.min_merge_width: 2
2018/04/25-20:26:26.378550 7f3984461a00 Options.compaction_options_universal.max_merge_width: 4294967295
2018/04/25-20:26:26.378551 7f3984461a00 Options.compaction_options_universal.max_size_amplification_percent: 200
2018/04/25-20:26:26.378552 7f3984461a00 Options.compaction_options_universal.compression_size_percent: -1
2018/04/25-20:26:26.378554 7f3984461a00 Options.compaction_options_universal.stop_style: kCompactionStopStyleTotalSize
2018/04/25-20:26:26.378555 7f3984461a00 Options.compaction_options_fifo.max_table_files_size: 0
2018/04/25-20:26:26.378556 7f3984461a00 Options.compaction_options_fifo.allow_compaction: 1
2018/04/25-20:26:26.378557 7f3984461a00 Options.compaction_options_fifo.ttl: 0
2018/04/25-20:26:26.378558 7f3984461a00                   Options.table_properties_collectors: 
2018/04/25-20:26:26.378559 7f3984461a00                   Options.inplace_update_support: 0
2018/04/25-20:26:26.378560 7f3984461a00                 Options.inplace_update_num_locks: 10000
2018/04/25-20:26:26.378561 7f3984461a00               Options.memtable_prefix_bloom_size_ratio: 0.000000
2018/04/25-20:26:26.378563 7f3984461a00   Options.memtable_huge_page_size: 0
2018/04/25-20:26:26.378564 7f3984461a00                           Options.bloom_locality: 0
2018/04/25-20:26:26.378565 7f3984461a00                    Options.max_successive_merges: 0
2018/04/25-20:26:26.378565 7f3984461a00                Options.optimize_filters_for_hits: 0
2018/04/25-20:26:26.378566 7f3984461a00                Options.paranoid_file_checks: 0
2018/04/25-20:26:26.378567 7f3984461a00                Options.force_consistency_checks: 0
2018/04/25-20:26:26.378568 7f3984461a00                Options.report_bg_io_stats: 0
2018/04/25-20:26:26.378569 7f3984461a00                               Options.ttl: 0
2018/04/25-20:26:26.382479 7f3984461a00 [db/version_set.cc:3370] Recovered from manifest file:/mnt/rocksdb/MANIFEST-000001 succeeded,manifest_file_number is 1, next_file_number is 3, last_sequence is 0, log_number is 0,prev_log_number is 0,max_column_family is 0,deleted_log_number is 0
2018/04/25-20:26:26.382486 7f3984461a00 [db/version_set.cc:3378] Column family [default] (ID 0), log number is 0
2018/04/25-20:26:26.388609 7f3984461a00 [db/db_impl_open.cc:1218] DB pointer 0x1fc9ff0
2018/04/25-20:53:52.482621 7f3984461a00 [db/db_impl.cc:252] Shutdown: canceling all background work
2018/04/25-20:53:52.545257 7f3984461a00 [db/db_impl.cc:398] Shutdown complete
