2018/04/25-12:49:11.840515 7f8c29171a00 RocksDB version: 5.13.0
2018/04/25-12:49:11.840544 7f8c29171a00 Git sha rocksdb_build_git_sha:3be9b364539d382ce282cad80b5c05c58fd2d8a7
2018/04/25-12:49:11.840546 7f8c29171a00 Compile date Apr 24 2018
2018/04/25-12:49:11.840548 7f8c29171a00 DB SUMMARY
2018/04/25-12:49:11.840558 7f8c29171a00 SST files in /mnt/rocksdb dir, Total Num: 0, files: 
2018/04/25-12:49:11.840559 7f8c29171a00 Write Ahead Log file in /mnt/rocksdb: 
2018/04/25-12:49:11.840561 7f8c29171a00                         Options.error_if_exists: 0
2018/04/25-12:49:11.840562 7f8c29171a00                       Options.create_if_missing: 1
2018/04/25-12:49:11.840563 7f8c29171a00                         Options.paranoid_checks: 1
2018/04/25-12:49:11.840564 7f8c29171a00                                     Options.env: 0xb2b9c0
2018/04/25-12:49:11.840566 7f8c29171a00                                Options.info_log: 0x16c6ef0
2018/04/25-12:49:11.840567 7f8c29171a00                Options.max_file_opening_threads: 16
2018/04/25-12:49:11.840568 7f8c29171a00                              Options.statistics: 0x16b7c20
2018/04/25-12:49:11.840569 7f8c29171a00                               Options.use_fsync: 0
2018/04/25-12:49:11.840570 7f8c29171a00                       Options.max_log_file_size: 0
2018/04/25-12:49:11.840571 7f8c29171a00                  Options.max_manifest_file_size: 18446744073709551615
2018/04/25-12:49:11.840572 7f8c29171a00                   Options.log_file_time_to_roll: 0
2018/04/25-12:49:11.840573 7f8c29171a00                       Options.keep_log_file_num: 1000
2018/04/25-12:49:11.840574 7f8c29171a00                    Options.recycle_log_file_num: 0
2018/04/25-12:49:11.840575 7f8c29171a00                         Options.allow_fallocate: 1
2018/04/25-12:49:11.840576 7f8c29171a00                        Options.allow_mmap_reads: 0
2018/04/25-12:49:11.840577 7f8c29171a00                       Options.allow_mmap_writes: 0
2018/04/25-12:49:11.840578 7f8c29171a00                        Options.use_direct_reads: 0
2018/04/25-12:49:11.840579 7f8c29171a00                        Options.use_direct_io_for_flush_and_compaction: 0
2018/04/25-12:49:11.840580 7f8c29171a00          Options.create_missing_column_families: 0
2018/04/25-12:49:11.840581 7f8c29171a00                              Options.db_log_dir: 
2018/04/25-12:49:11.840582 7f8c29171a00                                 Options.wal_dir: /mnt/rocksdb
2018/04/25-12:49:11.840583 7f8c29171a00                Options.table_cache_numshardbits: 4
2018/04/25-12:49:11.840584 7f8c29171a00                      Options.max_subcompactions: 1
2018/04/25-12:49:11.840585 7f8c29171a00                  Options.max_background_flushes: -1
2018/04/25-12:49:11.840586 7f8c29171a00                         Options.WAL_ttl_seconds: 0
2018/04/25-12:49:11.840587 7f8c29171a00                       Options.WAL_size_limit_MB: 0
2018/04/25-12:49:11.840588 7f8c29171a00             Options.manifest_preallocation_size: 4194304
2018/04/25-12:49:11.840589 7f8c29171a00                     Options.is_fd_close_on_exec: 1
2018/04/25-12:49:11.840590 7f8c29171a00                   Options.advise_random_on_open: 1
2018/04/25-12:49:11.840591 7f8c29171a00                    Options.db_write_buffer_size: 0
2018/04/25-12:49:11.840592 7f8c29171a00                    Options.write_buffer_manager: 0x16c1ed0
2018/04/25-12:49:11.840593 7f8c29171a00         Options.access_hint_on_compaction_start: 1
2018/04/25-12:49:11.840594 7f8c29171a00  Options.new_table_reader_for_compaction_inputs: 1
2018/04/25-12:49:11.840595 7f8c29171a00           Options.random_access_max_buffer_size: 1048576
2018/04/25-12:49:11.840596 7f8c29171a00                      Options.use_adaptive_mutex: 0
2018/04/25-12:49:11.840597 7f8c29171a00                            Options.rate_limiter: (nil)
2018/04/25-12:49:11.840598 7f8c29171a00     Options.sst_file_manager.rate_bytes_per_sec: 0
2018/04/25-12:49:11.840599 7f8c29171a00                       Options.wal_recovery_mode: 2
2018/04/25-12:49:11.840600 7f8c29171a00                  Options.enable_thread_tracking: 0
2018/04/25-12:49:11.840601 7f8c29171a00                  Options.enable_pipelined_write: 0
2018/04/25-12:49:11.840608 7f8c29171a00         Options.allow_concurrent_memtable_write: 1
2018/04/25-12:49:11.840609 7f8c29171a00      Options.enable_write_thread_adaptive_yield: 1
2018/04/25-12:49:11.840610 7f8c29171a00             Options.write_thread_max_yield_usec: 100
2018/04/25-12:49:11.840611 7f8c29171a00            Options.write_thread_slow_yield_usec: 3
2018/04/25-12:49:11.840612 7f8c29171a00                               Options.row_cache: None
2018/04/25-12:49:11.840613 7f8c29171a00                              Options.wal_filter: None
2018/04/25-12:49:11.840614 7f8c29171a00             Options.avoid_flush_during_recovery: 0
2018/04/25-12:49:11.840615 7f8c29171a00             Options.allow_ingest_behind: 0
2018/04/25-12:49:11.840616 7f8c29171a00             Options.preserve_deletes: 0
2018/04/25-12:49:11.840617 7f8c29171a00             Options.two_write_queues: 0
2018/04/25-12:49:11.840617 7f8c29171a00             Options.manual_wal_flush: 0
2018/04/25-12:49:11.840618 7f8c29171a00             Options.max_background_jobs: 2
2018/04/25-12:49:11.840619 7f8c29171a00             Options.max_background_compactions: -1
2018/04/25-12:49:11.840620 7f8c29171a00             Options.avoid_flush_during_shutdown: 0
2018/04/25-12:49:11.840621 7f8c29171a00           Options.writable_file_max_buffer_size: 1048576
2018/04/25-12:49:11.840622 7f8c29171a00             Options.delayed_write_rate : 8388608
2018/04/25-12:49:11.840623 7f8c29171a00             Options.max_total_wal_size: 0
2018/04/25-12:49:11.840624 7f8c29171a00             Options.delete_obsolete_files_period_micros: 21600000000
2018/04/25-12:49:11.840625 7f8c29171a00                   Options.stats_dump_period_sec: 600
2018/04/25-12:49:11.840626 7f8c29171a00                          Options.max_open_files: -1
2018/04/25-12:49:11.840627 7f8c29171a00                          Options.bytes_per_sync: 0
2018/04/25-12:49:11.840628 7f8c29171a00                      Options.wal_bytes_per_sync: 0
2018/04/25-12:49:11.840629 7f8c29171a00       Options.compaction_readahead_size: 0
2018/04/25-12:49:11.840630 7f8c29171a00 Compression algorithms supported:
2018/04/25-12:49:11.840631 7f8c29171a00 	kZSTDNotFinalCompression supported: 1
2018/04/25-12:49:11.840633 7f8c29171a00 	kZSTD supported: 0
2018/04/25-12:49:11.840634 7f8c29171a00 	kXpressCompression supported: 0
2018/04/25-12:49:11.840636 7f8c29171a00 	kLZ4HCCompression supported: 1
2018/04/25-12:49:11.840637 7f8c29171a00 	kLZ4Compression supported: 1
2018/04/25-12:49:11.840638 7f8c29171a00 	kBZip2Compression supported: 1
2018/04/25-12:49:11.840639 7f8c29171a00 	kZlibCompression supported: 1
2018/04/25-12:49:11.840640 7f8c29171a00 	kSnappyCompression supported: 1
2018/04/25-12:49:11.840648 7f8c29171a00 Fast CRC32 supported: Supported on x86
2018/04/25-12:49:11.840672 7f8c29171a00 [db/db_impl_open.cc:222] Creating manifest 1 
2018/04/25-12:49:11.896978 7f8c29171a00 [db/version_set.cc:3096] Recovering from manifest file: MANIFEST-000001
2018/04/25-12:49:11.897022 7f8c29171a00 [db/column_family.cc:475] --------------- Options for column family [default]:
2018/04/25-12:49:11.897025 7f8c29171a00               Options.comparator: leveldb.BytewiseComparator
2018/04/25-12:49:11.897026 7f8c29171a00           Options.merge_operator: None
2018/04/25-12:49:11.897027 7f8c29171a00        Options.compaction_filter: None
2018/04/25-12:49:11.897028 7f8c29171a00        Options.compaction_filter_factory: None
2018/04/25-12:49:11.897030 7f8c29171a00         Options.memtable_factory: SkipListFactory
2018/04/25-12:49:11.897031 7f8c29171a00            Options.table_factory: BlockBasedTable
2018/04/25-12:49:11.897052 7f8c29171a00            table_factory options:   flush_block_policy_factory: FlushBlockBySizePolicyFactory (0x16b78f0)
  cache_index_and_filter_blocks: 0
  cache_index_and_filter_blocks_with_high_priority: 0
  pin_l0_filter_and_index_blocks_in_cache: 0
  index_type: 0
  hash_index_allow_collision: 1
  checksum: 1
  no_block_cache: 0
  block_cache: 0x16b7ac0
  block_cache_name: LRUCache
  block_cache_options:
    capacity : 8388608
    num_shard_bits : 6
    strict_capacity_limit : 0
    high_pri_pool_ratio: 0.000
  block_cache_compressed: (nil)
  persistent_cache: (nil)
  block_size: 4096
  block_size_deviation: 10
  block_restart_interval: 16
  index_block_restart_interval: 1
  metadata_block_size: 4096
  partition_filters: 0
  use_delta_encoding: 1
  filter_policy: nullptr
  whole_key_filtering: 1
  verify_compression: 0
  read_amp_bytes_per_bit: 0
  format_version: 2
  enable_index_compression: 1
  block_align: 0
2018/04/25-12:49:11.897065 7f8c29171a00        Options.write_buffer_size: 34359738368
2018/04/25-12:49:11.897066 7f8c29171a00  Options.max_write_buffer_number: 2
2018/04/25-12:49:11.897068 7f8c29171a00          Options.compression: Snappy
2018/04/25-12:49:11.897069 7f8c29171a00                  Options.bottommost_compression: Disabled
2018/04/25-12:49:11.897070 7f8c29171a00       Options.prefix_extractor: rocksdb.FixedPrefix.8
2018/04/25-12:49:11.897071 7f8c29171a00   Options.memtable_insert_with_hint_prefix_extractor: nullptr
2018/04/25-12:49:11.897073 7f8c29171a00             Options.num_levels: 7
2018/04/25-12:49:11.897074 7f8c29171a00        Options.min_write_buffer_number_to_merge: 1
2018/04/25-12:49:11.897075 7f8c29171a00     Options.max_write_buffer_number_to_maintain: 0
2018/04/25-12:49:11.897076 7f8c29171a00            Options.compression_opts.window_bits: -14
2018/04/25-12:49:11.897077 7f8c29171a00                  Options.compression_opts.level: -1
2018/04/25-12:49:11.897078 7f8c29171a00               Options.compression_opts.strategy: 0
2018/04/25-12:49:11.897079 7f8c29171a00         Options.compression_opts.max_dict_bytes: 0
2018/04/25-12:49:11.897080 7f8c29171a00         Options.compression_opts.zstd_max_train_bytes: 0
2018/04/25-12:49:11.897081 7f8c29171a00      Options.level0_file_num_compaction_trigger: 4
2018/04/25-12:49:11.897082 7f8c29171a00          Options.level0_slowdown_writes_trigger: 20
2018/04/25-12:49:11.897083 7f8c29171a00              Options.level0_stop_writes_trigger: 36
2018/04/25-12:49:11.897084 7f8c29171a00                   Options.target_file_size_base: 67108864
2018/04/25-12:49:11.897085 7f8c29171a00             Options.target_file_size_multiplier: 1
2018/04/25-12:49:11.897086 7f8c29171a00                Options.max_bytes_for_level_base: 268435456
2018/04/25-12:49:11.897087 7f8c29171a00 Options.level_compaction_dynamic_level_bytes: 0
2018/04/25-12:49:11.897088 7f8c29171a00          Options.max_bytes_for_level_multiplier: 10.000000
2018/04/25-12:49:11.897090 7f8c29171a00 Options.max_bytes_for_level_multiplier_addtl[0]: 1
2018/04/25-12:49:11.897092 7f8c29171a00 Options.max_bytes_for_level_multiplier_addtl[1]: 1
2018/04/25-12:49:11.897093 7f8c29171a00 Options.max_bytes_for_level_multiplier_addtl[2]: 1
2018/04/25-12:49:11.897094 7f8c29171a00 Options.max_bytes_for_level_multiplier_addtl[3]: 1
2018/04/25-12:49:11.897095 7f8c29171a00 Options.max_bytes_for_level_multiplier_addtl[4]: 1
2018/04/25-12:49:11.897096 7f8c29171a00 Options.max_bytes_for_level_multiplier_addtl[5]: 1
2018/04/25-12:49:11.897096 7f8c29171a00 Options.max_bytes_for_level_multiplier_addtl[6]: 1
2018/04/25-12:49:11.897097 7f8c29171a00       Options.max_sequential_skip_in_iterations: 8
2018/04/25-12:49:11.897098 7f8c29171a00                    Options.max_compaction_bytes: 1677721600
2018/04/25-12:49:11.897099 7f8c29171a00                        Options.arena_block_size: 4294967296
2018/04/25-12:49:11.897101 7f8c29171a00   Options.soft_pending_compaction_bytes_limit: 68719476736
2018/04/25-12:49:11.897102 7f8c29171a00   Options.hard_pending_compaction_bytes_limit: 137438953472
2018/04/25-12:49:11.897103 7f8c29171a00       Options.rate_limit_delay_max_milliseconds: 1000
2018/04/25-12:49:11.897104 7f8c29171a00                Options.disable_auto_compactions: 0
2018/04/25-12:49:11.897105 7f8c29171a00                        Options.compaction_style: kCompactionStyleLevel
2018/04/25-12:49:11.897107 7f8c29171a00                          Options.compaction_pri: kByCompensatedSize
2018/04/25-12:49:11.897108 7f8c29171a00 Options.compaction_options_universal.size_ratio: 1
2018/04/25-12:49:11.897113 7f8c29171a00 Options.compaction_options_universal.min_merge_width: 2
2018/04/25-12:49:11.897114 7f8c29171a00 Options.compaction_options_universal.max_merge_width: 4294967295
2018/04/25-12:49:11.897115 7f8c29171a00 Options.compaction_options_universal.max_size_amplification_percent: 200
2018/04/25-12:49:11.897116 7f8c29171a00 Options.compaction_options_universal.compression_size_percent: -1
2018/04/25-12:49:11.897118 7f8c29171a00 Options.compaction_options_universal.stop_style: kCompactionStopStyleTotalSize
2018/04/25-12:49:11.897119 7f8c29171a00 Options.compaction_options_fifo.max_table_files_size: 0
2018/04/25-12:49:11.897120 7f8c29171a00 Options.compaction_options_fifo.allow_compaction: 1
2018/04/25-12:49:11.897121 7f8c29171a00 Options.compaction_options_fifo.ttl: 0
2018/04/25-12:49:11.897122 7f8c29171a00                   Options.table_properties_collectors: 
2018/04/25-12:49:11.897123 7f8c29171a00                   Options.inplace_update_support: 0
2018/04/25-12:49:11.897124 7f8c29171a00                 Options.inplace_update_num_locks: 10000
2018/04/25-12:49:11.897125 7f8c29171a00               Options.memtable_prefix_bloom_size_ratio: 0.000000
2018/04/25-12:49:11.897127 7f8c29171a00   Options.memtable_huge_page_size: 0
2018/04/25-12:49:11.897128 7f8c29171a00                           Options.bloom_locality: 0
2018/04/25-12:49:11.897129 7f8c29171a00                    Options.max_successive_merges: 0
2018/04/25-12:49:11.897130 7f8c29171a00                Options.optimize_filters_for_hits: 0
2018/04/25-12:49:11.897131 7f8c29171a00                Options.paranoid_file_checks: 0
2018/04/25-12:49:11.897131 7f8c29171a00                Options.force_consistency_checks: 0
2018/04/25-12:49:11.897132 7f8c29171a00                Options.report_bg_io_stats: 0
2018/04/25-12:49:11.897133 7f8c29171a00                               Options.ttl: 0
2018/04/25-12:49:11.898518 7f8c29171a00 [db/version_set.cc:3370] Recovered from manifest file:/mnt/rocksdb/MANIFEST-000001 succeeded,manifest_file_number is 1, next_file_number is 3, last_sequence is 0, log_number is 0,prev_log_number is 0,max_column_family is 0,deleted_log_number is 0
2018/04/25-12:49:11.898522 7f8c29171a00 [db/version_set.cc:3378] Column family [default] (ID 0), log number is 0
2018/04/25-12:49:11.904604 7f8c29171a00 [db/db_impl_open.cc:1218] DB pointer 0x16be4b0
2018/04/25-13:15:34.115858 7f8c29171a00 [db/db_impl.cc:252] Shutdown: canceling all background work
2018/04/25-13:15:34.176186 7f8c29171a00 [db/db_impl.cc:398] Shutdown complete
